UPC1 UPC2 06 19 077 18000       -14.9210       -14.9759       -14.9980       -15.2532       -15.7424         0.0000        -0.0000        69.4240       -34.5100        32.4990       -67.7610 
UPC1 UPC2 06 19 077 18005       -14.8970       -14.9711       -14.9240       -15.2494       -15.7390         0.0000         0.0000        69.4520       -34.4410        32.5280       -67.7350 
UPC1 UPC2 06 19 077 18010       -15.3120       -14.9658       -15.0110       -15.2458       -15.7355         0.0000         0.0000        69.4810       -34.3720        32.5570       -67.7090 
UPC1 UPC2 06 19 077 18015       -15.4130       -14.9628       -15.3330       -15.2435       -15.7320         0.0000         0.0000        69.5090       -34.3030        32.5870       -67.6830 
UPC1 UPC2 06 19 077 18020       -15.7540       -14.9552       -15.3330       -15.2367       -15.7285         0.0000        -0.0000        69.5380       -34.2330        32.6160       -67.6570 
UPC1 UPC2 06 19 077 18025       -16.1940       -14.9573       -15.2800       -15.2392       -15.7249         0.0000        -0.0000        69.5660       -34.1640        32.6450       -67.6300 
UPC1 UPC2 06 19 077 18030       -16.5260       -14.9536       -15.1680       -15.2350       -15.7213         0.0000        -0.0000        69.5940       -34.0940        32.6750       -67.6040 
UPC1 UPC2 06 19 077 18035       -16.6040       -14.9506       -15.0510       -15.2305       -15.7179         0.0000        -0.0000        69.6230       -34.0250        32.7040       -67.5780 
UPC1 UPC2 06 19 077 18040       -16.8690       -14.9499       -14.9030       -15.2290       -15.7143         0.0000        -0.0000        69.6510       -33.9550        32.7330       -67.5520 
UPC1 UPC2 06 19 077 18045       -16.8500       -14.9483       -15.1730       -15.2265       -15.7108         0.0000        -0.0000        69.6790       -33.8850        32.7630       -67.5260 
UPC1 UPC2 06 19 077 18050       -16.9390       -14.9455       -15.4470       -15.2223       -15.7073         0.0000        -0.0000        69.7080       -33.8150        32.7920       -67.4990 
UPC1 UPC2 06 19 077 18055       -17.0240       -14.9398       -15.5870       -15.2160       -15.7036         0.0000        -0.0000        69.7360       -33.7440        32.8220       -67.4730 
UPC1 UPC2 06 19 077 18060       -17.0050       -14.9351       -15.6740       -15.2113       -15.6999         0.0000        -0.0000        69.7640       -33.6740        32.8510       -67.4470 
UPC1 UPC2 06 19 077 18065       -16.7250       -14.9373       -15.9440       -15.2134       -15.6964         0.0000         0.0000        69.7920       -33.6030        32.8800       -67.4210 
UPC1 UPC2 06 19 077 18070       -16.5920       -14.9316       -16.1470       -15.2075       -15.6928         0.0000        -0.0000        69.8210       -33.5330        32.9100       -67.3950 
UPC1 UPC2 06 19 077 18075       -16.4460       -14.9286       -16.1080       -15.2035       -15.6891         0.0000        -0.0000        69.8490       -33.4620        32.9390       -67.3680 
UPC1 UPC2 06 19 077 18080       -16.2870       -14.9215       -15.9580       -15.1967       -15.6854         0.0000         0.0000        69.8770       -33.3910        32.9690       -67.3420 
UPC1 UPC2 06 19 077 18085       -16.3150       -14.9223       -16.1210       -15.1973       -15.6818         0.0000        -0.0000        69.9050       -33.3200        32.9980       -67.3160 
UPC1 UPC2 06 19 077 18090       -15.9740       -14.9190       -16.1710       -15.1948       -15.6780         0.0000        -0.0000        69.9340       -33.2490        33.0280       -67.2900 
UPC1 UPC2 06 19 077 18095       -15.8160       -14.9116       -16.5500       -15.1879       -15.6745         0.0000        -0.0000        69.9620       -33.1770        33.0570       -67.2630 
UPC1 UPC2 06 19 077 18100       -15.6670       -14.9127       -16.5680       -15.1894       -15.6708         0.0000        -0.0000        69.9900       -33.1060        33.0860       -67.2370 
UPC1 UPC2 06 19 077 18105       -15.5520       -14.9101       -16.5180       -15.1862       -15.6672         0.0000         0.0000        70.0180       -33.0340        33.1160       -67.2110 
UPC1 UPC2 06 19 077 18110       -15.5580       -14.9038       -16.5360       -15.1796       -15.6633         0.0000        -0.0000        70.0460       -32.9620        33.1450       -67.1850 
UPC1 UPC2 06 19 077 18115       -15.3470       -14.8976       -16.2500       -15.1735       -15.6596         0.0000        -0.0000        70.0750       -32.8900        33.1750       -67.1590 
UPC1 UPC2 06 19 077 18120       -15.4120       -14.9006       -16.1090       -15.1759       -15.6559         0.0000        -0.0000        70.1030       -32.8180        33.2040       -67.1320 
UPC1 UPC2 06 19 077 18125       -15.7560       -14.8929       -16.0030       -15.1681       -15.6520         0.0000        -0.0000        70.1310       -32.7460        33.2340       -67.1060 
UPC1 UPC2 06 19 077 18130       -15.8970       -14.8874       -16.1110       -15.1611       -15.6483         0.0000         0.0000        70.1590       -32.6740        33.2630       -67.0800 
UPC1 UPC2 06 19 077 18135       -15.7900       -14.8877       -15.9320       -15.1607       -15.6445         0.0000        -0.0000        70.1870       -32.6010        33.2930       -67.0540 
UPC1 UPC2 06 19 077 18140       -15.8770       -14.8796       -15.9510       -15.1528       -15.6407         0.0000        -0.0000        70.2150       -32.5290        33.3220       -67.0270 
UPC1 UPC2 06 19 077 18145       -15.7490       -14.8802       -15.7650       -15.1535       -15.6371         0.0000         0.0000        70.2430       -32.4560        33.3520       -67.0010 
UPC1 UPC2 06 19 077 18150       -15.4270       -14.8743       -15.4740       -15.1484       -15.6331         0.0000        -0.0000        70.2720       -32.3830        33.3810       -66.9750 
UPC1 UPC2 06 19 077 18155       -15.5700       -14.8668       -15.1970       -15.1408       -15.6293         0.0000        -0.0000        70.3000       -32.3100        33.4110       -66.9490 
UPC1 UPC2 06 19 077 18160       -15.2640       -14.8646       -15.1920       -15.1391       -15.6255         0.0000        -0.0000        70.3280       -32.2360        33.4400       -66.9230 
UPC1 UPC2 06 19 077 18165       -15.3310       -14.8581       -15.1450       -15.1334       -15.6216         0.0000         0.0000        70.3560       -32.1630        33.4700       -66.8960 
UPC1 UPC2 06 19 077 18170       -15.3870       -14.8548       -15.1410       -15.1308       -15.6178         0.0000         0.0000        70.3840       -32.0900        33.4990       -66.8700 
UPC1 UPC2 06 19 077 18175       -15.1830       -14.8487       -14.8780       -15.1252       -15.6138         0.0000         0.0000        70.4120       -32.0160        33.5290       -66.8440 
UPC1 UPC2 06 19 077 18180       -15.0660       -14.8473       -15.0530       -15.1244       -15.6100         0.0000        -0.0000        70.4400       -31.9420        33.5580       -66.8180 
UPC1 UPC2 06 19 077 18185       -15.0460       -14.8395       -15.4430       -15.1166       -15.6061         0.0000        -0.0000        70.4680       -31.8680        33.5880       -66.7910 
UPC1 UPC2 06 19 077 18190       -15.2560       -14.8353       -15.2940       -15.1129       -15.6021         0.0000        -0.0000        70.4960       -31.7940        33.6170       -66.7650 
UPC1 UPC2 06 19 077 18195       -15.1740       -14.8317       -15.5480       -15.1105       -15.5983         0.0000        -0.0000        70.5240       -31.7200        33.6470       -66.7390 
UPC1 UPC2 06 19 077 18200       -15.1740       -14.8274       -15.8680       -15.1074       -15.5944         0.0000        -0.0000        70.5520       -31.6450        33.6760       -66.7130 
UPC1 UPC2 06 19 077 18205       -15.1090       -14.8247       -16.1250       -15.1059       -15.5903         0.0000        -0.0000        70.5800       -31.5710        33.7060       -66.6870 
UPC1 UPC2 06 19 077 18210       -15.3760       -14.8236       -16.4670       -15.1051       -15.5864         0.0000        -0.0000        70.6080       -31.4960        33.7350       -66.6600 
UPC1 UPC2 06 19 077 18215       -15.7070       -14.8142       -16.0510       -15.0958       -15.5825         0.0000         0.0000        70.6360       -31.4210        33.7650       -66.6340 
UPC1 UPC2 06 19 077 18220       -16.1920       -14.8161       -16.1480       -15.0980       -15.5786         0.0000        -0.0000        70.6640       -31.3460        33.7940       -66.6080 
UPC1 UPC2 06 19 077 18225       -16.3910       -14.8123       -15.8440       -15.0932       -15.5744         0.0000         0.0000        70.6920       -31.2710        33.8240       -66.5820 
UPC1 UPC2 06 19 077 18230       -16.3630       -14.8079       -15.8600       -15.0870       -15.5705         0.0000        -0.0000        70.7200       -31.1950        33.8540       -66.5550 
UPC1 UPC2 06 19 077 18235       -15.9880       -14.8042       -15.6420       -15.0817       -15.5666         0.0000        -0.0000        70.7480       -31.1200        33.8830       -66.5290 
UPC1 UPC2 06 19 077 18240       -15.8560       -14.8010       -15.3710       -15.0769       -15.5626         0.0000        -0.0000        70.7750       -31.0440        33.9130       -66.5030 
UPC1 UPC2 06 19 077 18245       -15.5350       -14.7969       -15.3550       -15.0717       -15.5584         0.0000        -0.0000        70.8030       -30.9680        33.9420       -66.4770 
UPC1 UPC2 06 19 077 18250       -15.5310       -14.7919       -15.2370       -15.0658       -15.5543         0.0000         0.0000        70.8310       -30.8920        33.9720       -66.4510 
UPC1 UPC2 06 19 077 18255       -15.3020       -14.7870       -14.8240       -15.0609       -15.5503         0.0000        -0.0000        70.8590       -30.8160        34.0020       -66.4240 
UPC1 UPC2 06 19 077 18260       -15.1010       -14.7826       -15.0430       -15.0573       -15.5462         0.0000        -0.0000        70.8870       -30.7400        34.0310       -66.3980 
UPC1 UPC2 06 19 077 18265       -15.2970       -14.7791       -14.9440       -15.0544       -15.5422         0.0000         0.0000        70.9150       -30.6630        34.0610       -66.3720 
UPC1 UPC2 06 19 077 18270       -15.3390       -14.7745       -14.9490       -15.0500       -15.5380         0.0000        -0.0000        70.9420       -30.5870        34.0900       -66.3460 
UPC1 UPC2 06 19 077 18275       -15.3690       -14.7717       -14.8990       -15.0475       -15.5339         0.0000         0.0000        70.9700       -30.5100        34.1200       -66.3190 
UPC1 UPC2 06 19 077 18280       -15.2650       -14.7702       -14.6620       -15.0458       -15.5299         0.0000         0.0000        70.9980       -30.4330        34.1500       -66.2930 
UPC1 UPC2 06 19 077 18285       -15.3380       -14.7647       -14.7190       -15.0402       -15.5257         0.0000        -0.0000        71.0260       -30.3560        34.1790       -66.2670 
UPC1 UPC2 06 19 077 18290       -15.0970       -14.7584       -14.7530       -15.0333       -15.5215         0.0000         0.0000        71.0540       -30.2780        34.2090       -66.2410 
UPC1 UPC2 06 19 077 18295       -14.9420       -14.7555       -14.6440       -15.0304       -15.5174         0.0000        -0.0000        71.0810       -30.2010        34.2390       -66.2150 
UPC1 UPC2 06 19 077 18300       -14.6310       -14.7498       -14.6840       -15.0251       -15.5132         0.0000        -0.0000        71.1090       -30.1230        34.2680       -66.1880 
UPC1 UPC2 06 19 077 18305       -14.5520       -14.7460       -14.7730       -15.0214       -15.5090         0.0000        -0.0000        71.1370       -30.0460        34.2980       -66.1620 
UPC1 UPC2 06 19 077 18310       -14.5890       -14.7404       -14.7840       -15.0165       -15.5049         0.0000        -0.0000        71.1640       -29.9680        34.3270       -66.1360 
UPC1 UPC2 06 19 077 18315       -14.6520       -14.7360       -14.7790       -15.0134       -15.5007         0.0000        -0.0000        71.1920       -29.8890        34.3570       -66.1100 
UPC1 UPC2 06 19 077 18320       -14.9150       -14.7316       -14.7580       -15.0093       -15.4964         0.0000        -0.0000        71.2200       -29.8110        34.3870       -66.0830 
UPC1 UPC2 06 19 077 18325       -15.2450       -14.7285       -14.6030       -15.0064       -15.4921         0.0000        -0.0000        71.2480       -29.7330        34.4160       -66.0570 
UPC1 UPC2 06 19 077 18330       -15.2640       -14.7247       -14.6150       -15.0031       -15.4881         0.0000        -0.0000        71.2750       -29.6540        34.4460       -66.0310 
UPC1 UPC2 06 19 077 18335       -15.5350       -14.7183       -14.4760       -14.9964       -15.4837         0.0000        -0.0000        71.3030       -29.5750        34.4760       -66.0050 
UPC1 UPC2 06 19 077 18340       -15.4940       -14.7174       -14.5610       -14.9952       -15.4794         0.0000        -0.0000        71.3300       -29.4960        34.5060       -65.9780 
UPC1 UPC2 06 19 077 18345       -15.6000       -14.7116       -14.5460       -14.9907       -15.4751         0.0000        -0.0000        71.3580       -29.4170        34.5350       -65.9520 
UPC1 UPC2 06 19 077 18350       -15.3670       -14.7074       -14.3930       -14.9864       -15.4709         0.0000        -0.0000        71.3860       -29.3380        34.5650       -65.9260 
UPC1 UPC2 06 19 077 18355       -15.5890       -14.7035       -14.0360       -14.9840       -15.4665         0.0000         0.0000        71.4130       -29.2580        34.5950       -65.9000 
UPC1 UPC2 06 19 077 18360       -15.7790       -14.7009       -13.9140       -14.9814       -15.4624         0.0000        -0.0000        71.4410       -29.1790        34.6240       -65.8730 
UPC1 UPC2 06 19 077 18365       -15.5920       -14.6939       -13.9670       -14.9737       -15.4579         0.0000        -0.0000        71.4680       -29.0990        34.6540       -65.8470 
UPC1 UPC2 06 19 077 18370       -15.3920       -14.6891       -14.1990       -14.9686       -15.4536         0.0000        -0.0000        71.4960       -29.0190        34.6840       -65.8210 
UPC1 UPC2 06 19 077 18375       -15.4040       -14.6859       -14.4620       -14.9647       -15.4492         0.0000        -0.0000        71.5230       -28.9390        34.7130       -65.7950 
UPC1 UPC2 06 19 077 18380       -15.5600       -14.6789       -14.5480       -14.9572       -15.4449         0.0000        -0.0000        71.5510       -28.8580        34.7430       -65.7690 
UPC1 UPC2 06 19 077 18385       -15.4450       -14.6803       -14.5690       -14.9587       -15.4406         0.0000        -0.0000        71.5780       -28.7780        34.7730       -65.7420 
UPC1 UPC2 06 19 077 18390       -15.4380       -14.6661       -14.7160       -14.9446       -15.4362         0.0000        -0.0000        71.6060       -28.6970        34.8030       -65.7160 
UPC1 UPC2 06 19 077 18395       -15.3800       -14.6686       -14.5520       -14.9472       -15.4318         0.0000        -0.0000        71.6330       -28.6160        34.8320       -65.6900 
UPC1 UPC2 06 19 077 18400       -15.2820       -14.6608       -14.7010       -14.9396       -15.4274         0.0000        -0.0000        71.6610       -28.5350        34.8620       -65.6640 
UPC1 UPC2 06 19 077 18405       -15.6430       -14.6566       -14.6520       -14.9345       -15.4229         0.0000        -0.0000        71.6880       -28.4540        34.8920       -65.6370 
UPC1 UPC2 06 19 077 18410       -15.9670       -14.6593       -14.5270       -14.9357       -15.4185         0.0000        -0.0000        71.7160       -28.3730        34.9220       -65.6110 
UPC1 UPC2 06 19 077 18415       -16.0760       -14.6530       -14.4580       -14.9286       -15.4142         0.0000        -0.0000        71.7430       -28.2910        34.9510       -65.5850 
UPC1 UPC2 06 19 077 18420       -16.3180       -14.6469       -14.9270       -14.9217       -15.4097         0.0000         0.0000        71.7700       -28.2090        34.9810       -65.5590 
UPC1 UPC2 06 19 077 18425       -16.2300       -14.6421       -14.8730       -14.9159       -15.4052         0.0000        -0.0000        71.7980       -28.1270        35.0110       -65.5320 
UPC1 UPC2 06 19 077 18430       -16.0210       -14.6374       -14.6050       -14.9117       -15.4008         0.0000         0.0000        71.8250       -28.0450        35.0410       -65.5060 
UPC1 UPC2 06 19 077 18435       -16.0110       -14.6325       -14.7400       -14.9076       -15.3963         0.0000        -0.0000        71.8520       -27.9630        35.0710       -65.4800 
UPC1 UPC2 06 19 077 18440       -16.2630       -14.6278       -14.6220       -14.9025       -15.3918         0.0000        -0.0000        71.8800       -27.8800        35.1000       -65.4540 
UPC1 UPC2 06 19 077 18445       -16.0730       -14.6224       -14.4450       -14.8970       -15.3873         0.0000        -0.0000        71.9070       -27.7970        35.1300       -65.4270 
UPC1 UPC2 06 19 077 18450       -15.9610       -14.6219       -14.3240       -14.8968       -15.3827         0.0000         0.0000        71.9340       -27.7150        35.1600       -65.4010 
UPC1 UPC2 06 19 077 18455       -15.9000       -14.6165       -14.4540       -14.8914       -15.3782         0.0000        -0.0000        71.9620       -27.6310        35.1900       -65.3750 
UPC1 UPC2 06 19 077 18460       -15.6040       -14.6115       -14.7570       -14.8856       -15.3737         0.0000        -0.0000        71.9890       -27.5480        35.2200       -65.3490 
UPC1 UPC2 06 19 077 18465       -15.6350       -14.6090       -14.7190       -14.8823       -15.3692         0.0000        -0.0000        72.0160       -27.4650        35.2490       -65.3220 
UPC1 UPC2 06 19 077 18470       -15.4420       -14.6035       -15.0040       -14.8758       -15.3645         0.0000         0.0000        72.0430       -27.3810        35.2790       -65.2960 
UPC1 UPC2 06 19 077 18475       -15.2560       -14.5980       -15.0010       -14.8687       -15.3601         0.0000         0.0000        72.0710       -27.2970        35.3090       -65.2700 
UPC1 UPC2 06 19 077 18480       -15.0910       -14.5941       -14.8000       -14.8644       -15.3554         0.0000         0.0000        72.0980       -27.2130        35.3390       -65.2440 
UPC1 UPC2 06 19 077 18485       -15.0110       -14.5880       -14.8200       -14.8579       -15.3508         0.0000        -0.0000        72.1250       -27.1290        35.3690       -65.2170 
UPC1 UPC2 06 19 077 18490       -14.9720       -14.5834       -15.0660       -14.8534       -15.3463         0.0000        -0.0000        72.1520       -27.0450        35.3990       -65.1910 
UPC1 UPC2 06 19 077 18495       -15.0970       -14.5796       -15.5340       -14.8482       -15.3415         0.0000         0.0000        72.1790       -26.9600        35.4280       -65.1650 
UPC1 UPC2 06 19 077 18500       -15.1430       -14.5761       -15.7930       -14.8448       -15.3370         0.0000        -0.0000        72.2060       -26.8750        35.4580       -65.1390 
UPC1 UPC2 06 19 077 18505       -15.1100       -14.5717       -15.6950       -14.8402       -15.3323         0.0000        -0.0000        72.2330       -26.7900        35.4880       -65.1120 
UPC1 UPC2 06 19 077 18510       -15.2960       -14.5645       -15.6720       -14.8329       -15.3276         0.0000        -0.0000        72.2610       -26.7050        35.5180       -65.0860 
UPC1 UPC2 06 19 077 18515       -15.4230       -14.5601       -15.5020       -14.8304       -15.3230         0.0000        -0.0000        72.2880       -26.6190        35.5480       -65.0600 
UPC1 UPC2 06 19 077 18520       -15.3540       -14.5563       -15.4290       -14.8274       -15.3183         0.0000        -0.0000        72.3150       -26.5340        35.5780       -65.0340 
UPC1 UPC2 06 19 077 18525       -15.5860       -14.5506       -15.3240       -14.8216       -15.3136         0.0000         0.0000        72.3420       -26.4480        35.6080       -65.0070 
UPC1 UPC2 06 19 077 18530       -15.6830       -14.5470       -15.2310       -14.8179       -15.3090         0.0000        -0.0000        72.3690       -26.3620        35.6380       -64.9810 
UPC1 UPC2 06 19 077 18535       -15.9130       -14.5430       -15.3340       -14.8147       -15.3042         0.0000         0.0000        72.3960       -26.2760        35.6670       -64.9550 
UPC1 UPC2 06 19 077 18540       -16.0310       -14.5403       -15.3200       -14.8124       -15.2995         0.0000        -0.0000        72.4230       -26.1900        35.6970       -64.9290 
UPC1 UPC2 06 19 077 18545       -16.2820       -14.5331       -15.5050       -14.8055       -15.2948         0.0000        -0.0000        72.4500       -26.1030        35.7270       -64.9020 
UPC1 UPC2 06 19 077 18550       -16.2000       -14.5296       -15.3410       -14.8024       -15.2901         0.0000        -0.0000        72.4770       -26.0160        35.7570       -64.8760 
UPC1 UPC2 06 19 077 18555       -15.9520       -14.5221       -15.3390       -14.7957       -15.2852         0.0000         0.0000        72.5040       -25.9290        35.7870       -64.8500 
UPC1 UPC2 06 19 077 18560       -15.7940       -14.5194       -15.1250       -14.7940       -15.2806         0.0000        -0.0000        72.5300       -25.8420        35.8170       -64.8240 
UPC1 UPC2 06 19 077 18565       -15.6220       -14.5131       -15.1450       -14.7878       -15.2758         0.0000        -0.0000        72.5570       -25.7550        35.8470       -64.7970 
UPC1 UPC2 06 19 077 18570       -15.6990       -14.5101       -14.9130       -14.7848       -15.2710         0.0000        -0.0000        72.5840       -25.6670        35.8770       -64.7710 
UPC1 UPC2 06 19 077 18575       -15.7780       -14.5005       -15.0460       -14.7757       -15.2661         0.0000         0.0000        72.6110       -25.5790        35.9070       -64.7450 
UPC1 UPC2 06 19 077 18580       -15.6520       -14.4981       -14.9920       -14.7730       -15.2613         0.0000         0.0000        72.6380       -25.4910        35.9370       -64.7190 
UPC1 UPC2 06 19 077 18585       -15.6050       -14.4982       -14.8300       -14.7731       -15.2565         0.0000         0.0000        72.6650       -25.4030        35.9670       -64.6920 
UPC1 UPC2 06 19 077 18590       -15.7050       -14.4888       -14.9560       -14.7632       -15.2517         0.0000        -0.0000        72.6910       -25.3140        35.9970       -64.6660 
UPC1 UPC2 06 19 077 18595       -15.4970       -14.4842       -14.8860       -14.7576       -15.2470         0.0000        -0.0000        72.7180       -25.2260        36.0270       -64.6400 
UPC1 UPC2 06 19 077 18600       -15.3820       -14.4788       -14.4800       -14.7511       -15.2419         0.0000         0.0000        72.7450       -25.1370        36.0570       -64.6140 
UPC1 UPC2 06 19 077 18605       -15.2430       -14.4749       -14.5280       -14.7471       -15.2371         0.0000        -0.0000        72.7720       -25.0480        36.0870       -64.5870 
UPC1 UPC2 06 19 077 18610       -15.2430       -14.4720       -14.6260       -14.7444       -15.2323         0.0000        -0.0000        72.7980       -24.9580        36.1170       -64.5610 
UPC1 UPC2 06 19 077 18615       -15.5090       -14.4679       -14.8020       -14.7393       -15.2273         0.0000         0.0000        72.8250       -24.8690        36.1470       -64.5350 
UPC1 UPC2 06 19 077 18620       -15.6660       -14.4638       -14.7290       -14.7344       -15.2225         0.0000         0.0000        72.8520       -24.7790        36.1770       -64.5080 
UPC1 UPC2 06 19 077 18625       -15.6680       -14.4604       -14.6470       -14.7310       -15.2174         0.0000        -0.0000        72.8780       -24.6890        36.2070       -64.4820 
UPC1 UPC2 06 19 077 18630       -15.2290       -14.4507       -14.6590       -14.7204       -15.2126         0.0000        -0.0000        72.9050       -24.5990        36.2370       -64.4560 
UPC1 UPC2 06 19 077 18635       -14.9600       -14.4471       -14.8050       -14.7159       -15.2077         0.0000         0.0000        72.9320       -24.5090        36.2670       -64.4300 
UPC1 UPC2 06 19 077 18640       -14.9460       -14.4425       -14.8330       -14.7106       -15.2028         0.0000        -0.0000        72.9580       -24.4180        36.2970       -64.4030 
UPC1 UPC2 06 19 077 18645       -15.2600       -14.4362       -14.6050       -14.7034       -15.1979         0.0000        -0.0000        72.9850       -24.3270        36.3270       -64.3770 
UPC1 UPC2 06 19 077 18650       -15.2100       -14.4351       -14.3740       -14.7019       -15.1927         0.0000         0.0000        73.0110       -24.2360        36.3570       -64.3510 
UPC1 UPC2 06 19 077 18655       -15.1770       -14.4288       -14.5130       -14.6948       -15.1878         0.0000         0.0000        73.0380       -24.1450        36.3870       -64.3250 
UPC1 UPC2 06 19 077 18660       -15.2200       -14.4198       -14.3250       -14.6870       -15.1828         0.0000        -0.0000        73.0650       -24.0540        36.4170       -64.2980 
UPC1 UPC2 06 19 077 18665       -15.2850       -14.4168       -14.4010       -14.6849       -15.1778         0.0000        -0.0000        73.0910       -23.9620        36.4470       -64.2720 
UPC1 UPC2 06 19 077 18670       -15.5660       -14.4136       -14.5820       -14.6825       -15.1728         0.0000         0.0000        73.1170       -23.8700        36.4770       -64.2460 
UPC1 UPC2 06 19 077 18675       -15.7960       -14.4012       -14.4350       -14.6702       -15.1678         0.0000        -0.0000        73.1440       -23.7780        36.5070       -64.2200 
UPC1 UPC2 06 19 077 18680       -15.8130       -14.4002       -14.3430       -14.6697       -15.1627         0.0000         0.0000        73.1700       -23.6860        36.5370       -64.1930 
UPC1 UPC2 06 19 077 18685       -16.2050       -14.3952       -14.5490       -14.6640       -15.1577         0.0000         0.0000        73.1970       -23.5930        36.5670       -64.1670 
UPC1 UPC2 06 19 077 18690       -15.9230       -14.3896       -14.5370       -14.6585       -15.1527         0.0000         0.0000        73.2230       -23.5000        36.5970       -64.1410 
UPC1 UPC2 06 19 077 18695       -15.9800       -14.3853       -14.7430       -14.6538       -15.1475         0.0000         0.0000        73.2490       -23.4070        36.6270       -64.1140 
UPC1 UPC2 06 19 077 18700       -15.8510       -14.3790       -14.9700       -14.6469       -15.1424         0.0000        -0.0000        73.2760       -23.3140        36.6570       -64.0880 
UPC1 UPC2 06 19 077 18705       -15.6440       -14.3753       -15.3980       -14.6436       -15.1373         0.0000        -0.0000        73.3020       -23.2200        36.6870       -64.0620 
UPC1 UPC2 06 19 077 18710       -15.3630       -14.3706       -15.7030       -14.6394       -15.1323         0.0000         0.0000        73.3280       -23.1270        36.7170       -64.0360 
UPC1 UPC2 06 19 077 18715       -15.1540       -14.3624       -16.0090       -14.6321       -15.1272         0.0000        -0.0000        73.3550       -23.0330        36.7470       -64.0090 
UPC1 UPC2 06 19 077 18720       -14.9180       -14.3589       -16.1040       -14.6297       -15.1221         0.0000        -0.0000        73.3810       -22.9380        36.7770       -63.9830 
UPC1 UPC2 06 19 077 18725       -14.7310       -14.3553       -16.0200       -14.6272       -15.1169         0.0000        -0.0000        73.4070       -22.8440        36.8080       -63.9570 
UPC1 UPC2 06 19 077 18730       -14.5990       -14.3518       -15.6000       -14.6246       -15.1117         0.0000        -0.0000        73.4330       -22.7490        36.8380       -63.9310 
UPC1 UPC2 06 19 077 18735       -14.5750       -14.3457       -15.4500       -14.6199       -15.1065         0.0000        -0.0000        73.4600       -22.6540        36.8680       -63.9040 
UPC1 UPC2 06 19 077 18740       -14.5860       -14.3394       -15.1190       -14.6140       -15.1015         0.0000         0.0000        73.4860       -22.5590        36.8980       -63.8780 
UPC1 UPC2 06 19 077 18745       -14.6890       -14.3334       -14.7590       -14.6079       -15.0962         0.0000        -0.0000        73.5120       -22.4640        36.9280       -63.8520 
UPC1 UPC2 06 19 077 18750       -14.6520       -14.3300       -14.5400       -14.6045       -15.0910         0.0000         0.0000        73.5380       -22.3680        36.9580       -63.8250 
UPC1 UPC2 06 19 077 18755       -14.5120       -14.3221       -14.5560       -14.5965       -15.0858         0.0000        -0.0000        73.5640       -22.2720        36.9880       -63.7990 
UPC1 UPC2 06 19 077 18760       -14.6900       -14.3211       -14.0240       -14.5942       -15.0807         0.0000        -0.0000        73.5900       -22.1760        37.0180       -63.7730 
UPC1 UPC2 06 19 077 18765       -14.9660       -14.3162       -13.7640       -14.5883       -15.0754         0.0000        -0.0000        73.6160       -22.0800        37.0490       -63.7470 
UPC1 UPC2 06 19 077 18770       -15.0170       -14.3118       -13.6830       -14.5828       -15.0702         0.0000        -0.0000        73.6420       -21.9830        37.0790       -63.7200 
UPC1 UPC2 06 19 077 18775       -15.0550       -14.3055       -13.7360       -14.5754       -15.0649         0.0000         0.0000        73.6680       -21.8870        37.1090       -63.6940 
UPC1 UPC2 06 19 077 18780       -15.0630       -14.2989       -13.6300       -14.5679       -15.0597         0.0000        -0.0000        73.6940       -21.7900        37.1390       -63.6680 
UPC1 UPC2 06 19 077 18785       -15.3480       -14.2995       -13.5950       -14.5682       -15.0543         0.0000         0.0000        73.7200       -21.6920        37.1690       -63.6410 
UPC1 UPC2 06 19 077 18790       -15.3780       -14.2910       -13.8700       -14.5596       -15.0492         0.0000        -0.0000        73.7460       -21.5950        37.1990       -63.6150 
UPC1 UPC2 06 19 077 18795       -15.4490       -14.2865       -13.9700       -14.5548       -15.0439         0.0000        -0.0000        73.7720       -21.4970        37.2300       -63.5890 
UPC1 UPC2 06 19 077 18800       -15.3190       -14.2749       -13.9570       -14.5422       -15.0385         0.0000        -0.0000        73.7980       -21.3990        37.2600       -63.5630 
UPC1 UPC2 06 19 077 18805       -15.3650       -14.2719       -14.3430       -14.5389       -15.0332         0.0000        -0.0000        73.8240       -21.3010        37.2900       -63.5360 
UPC1 UPC2 06 19 077 18810       -15.1280       -14.2676       -14.2060       -14.5345       -15.0279         0.0000        -0.0000        73.8500       -21.2020        37.3200       -63.5100 
UPC1 UPC2 06 19 077 18815       -15.0370       -14.2612       -14.7270       -14.5283       -15.0226         0.0000         0.0000        73.8750       -21.1030        37.3500       -63.4840 
UPC1 UPC2 06 19 077 18820       -14.9240       -14.2552       -14.8490       -14.5233       -15.0172         0.0000        -0.0000        73.9010       -21.0040        37.3810       -63.4570 
UPC1 UPC2 06 19 077 18825       -15.0660       -14.2526       -15.0380       -14.5206       -15.0119         0.0000         0.0000        73.9270       -20.9050        37.4110       -63.4310 
UPC1 UPC2 06 19 077 18830       -15.2320       -14.2469       -15.1140       -14.5159       -15.0065         0.0000         0.0000        73.9530       -20.8050        37.4410       -63.4050 
UPC1 UPC2 06 19 077 18835       -15.0280       -14.2412       -15.3030       -14.5115       -15.0010         0.0000        -0.0000        73.9780       -20.7060        37.4710       -63.3790 
UPC1 UPC2 06 19 077 18840       -15.1920       -14.2329       -15.1380       -14.5034       -14.9957         0.0000        -0.0000        74.0040       -20.6050        37.5020       -63.3520 
UPC1 UPC2 06 19 077 18845       -15.2860       -14.2274       -15.0620       -14.4985       -14.9903         0.0000         0.0000        74.0300       -20.5050        37.5320       -63.3260 
UPC1 UPC2 06 19 077 18850       -15.6880       -14.2237       -15.0240       -14.4938       -14.9849         0.0000         0.0000        74.0550       -20.4050        37.5620       -63.3000 
UPC1 UPC2 06 19 077 18855       -15.8850       -14.2171       -15.0420       -14.4877       -14.9795         0.0000        -0.0000        74.0810       -20.3040        37.5920       -63.2730 
UPC1 UPC2 06 19 077 18860       -15.8660       -14.2132       -15.1170       -14.4839       -14.9740         0.0000         0.0000        74.1060       -20.2030        37.6220       -63.2470 
UPC1 UPC2 06 19 077 18865       -16.0960       -14.2109       -14.9880       -14.4819       -14.9685         0.0000         0.0000        74.1320       -20.1010        37.6530       -63.2210 
UPC1 UPC2 06 19 077 18870       -16.1840       -14.2042       -15.2840       -14.4753       -14.9631         0.0000        -0.0000        74.1570       -20.0000        37.6830       -63.1950 
UPC1 UPC2 06 19 077 18875       -15.5230       -14.1968       -15.4620       -14.4672       -14.9577         0.0000        -0.0000        74.1830       -19.8980        37.7130       -63.1680 
UPC1 UPC2 06 19 077 18880       -15.1820       -14.1912       -15.4400       -14.4624       -14.9522         0.0000        -0.0000        74.2080       -19.7960        37.7440       -63.1420 
UPC1 UPC2 06 19 077 18885       -15.1850       -14.1855       -15.1100       -14.4563       -14.9466         0.0000         0.0000        74.2340       -19.6930        37.7740       -63.1160 
UPC1 UPC2 06 19 077 18890       -14.9740       -14.1800       -14.8320       -14.4517       -14.9412         0.0000        -0.0000        74.2590       -19.5910        37.8040       -63.0890 
UPC1 UPC2 06 19 077 18895       -15.1470       -14.1751       -14.7680       -14.4466       -14.9358         0.0000        -0.0000        74.2850       -19.4880        37.8340       -63.0630 
UPC1 UPC2 06 19 077 18900       -15.3330       -14.1693       -14.6710       -14.4414       -14.9303         0.0000        -0.0000        74.3100       -19.3840        37.8650       -63.0370 
UPC1 UPC2 06 19 077 18905       -15.4170       -14.1615       -15.0280       -14.4330       -14.9246         0.0000         0.0000        74.3350       -19.2810        37.8950       -63.0110 
UPC1 UPC2 06 19 077 18910       -15.4140       -14.1561       -15.2730       -14.4277       -14.9191         0.0000         0.0000        74.3610       -19.1770        37.9250       -62.9840 
UPC1 UPC2 06 19 077 18915       -15.5100       -14.1533       -15.4930       -14.4240       -14.9136         0.0000         0.0000        74.3860       -19.0730        37.9560       -62.9580 
UPC1 UPC2 06 19 077 18920       -15.4660       -14.1482       -15.8250       -14.4187       -14.9080         0.0000         0.0000        74.4110       -18.9690        37.9860       -62.9320 
UPC1 UPC2 06 19 077 18925       -15.5550       -14.1406       -15.9150       -14.4104       -14.9025         0.0000        -0.0000        74.4360       -18.8640        38.0160       -62.9050 
UPC1 UPC2 06 19 077 18930       -15.7420       -14.1351       -15.9700       -14.4045       -14.8969         0.0000         0.0000        74.4610       -18.7590        38.0470       -62.8790 
UPC1 UPC2 06 19 077 18935       -16.0150       -14.1289       -15.8540       -14.3984       -14.8912         0.0000        -0.0000        74.4870       -18.6540        38.0770       -62.8530 
UPC1 UPC2 06 19 077 18940       -15.7580       -14.1247       -15.9010       -14.3948       -14.8856         0.0000         0.0000        74.5120       -18.5490        38.1070       -62.8260 
UPC1 UPC2 06 19 077 18945       -15.8800       -14.1206       -15.9170       -14.3911       -14.8800         0.0000         0.0000        74.5370       -18.4430        38.1380       -62.8000 
UPC1 UPC2 06 19 077 18950       -15.9260       -14.1171       -15.8830       -14.3869       -14.8744         0.0000        -0.0000        74.5620       -18.3370        38.1680       -62.7740 
UPC1 UPC2 06 19 077 18955       -15.6140       -14.1110       -15.7170       -14.3806       -14.8689         0.0000         0.0000        74.5870       -18.2310        38.1980       -62.7470 
UPC1 UPC2 06 19 077 18960       -15.4890       -14.1038       -15.7870       -14.3734       -14.8631         0.0000         0.0000        74.6120       -18.1240        38.2290       -62.7210 
UPC1 UPC2 06 19 077 18965       -15.3680       -14.1015       -15.5940       -14.3704       -14.8574         0.0000        -0.0000        74.6370       -18.0180        38.2590       -62.6950 
UPC1 UPC2 06 19 077 18970       -15.6710       -14.0963       -15.6040       -14.3647       -14.8517         0.0000        -0.0000        74.6620       -17.9110        38.2900       -62.6690 
UPC1 UPC2 06 19 077 18975       -15.5050       -14.0883       -15.4410       -14.3564       -14.8461         0.0000        -0.0000        74.6870       -17.8030        38.3200       -62.6420 
UPC1 UPC2 06 19 077 18980       -15.3800       -14.0816       -15.4900       -14.3498       -14.8405         0.0000         0.0000        74.7120       -17.6960        38.3500       -62.6160 
UPC1 UPC2 06 19 077 18985       -15.0530       -14.0763       -15.2990       -14.3457       -14.8347         0.0000         0.0000        74.7370       -17.5880        38.3810       -62.5900 
UPC1 UPC2 06 19 077 18990       -15.0320       -14.0715       -15.2320       -14.3418       -14.8289         0.0000         0.0000        74.7610       -17.4790        38.4110       -62.5630 
UPC1 UPC2 06 19 077 18995       -14.9500       -14.0629       -15.0620       -14.3346       -14.8233         0.0000         0.0000        74.7860       -17.3710        38.4410       -62.5370 
UPC1 UPC2 06 19 077 19000       -15.1390       -14.0567       -15.0410       -14.3291       -14.8175         0.0000         0.0000        74.8110       -17.2620        38.4720       -62.5110 
UPC1 UPC2 06 19 077 19005       -15.0790       -14.0518       -15.0890       -14.3249       -14.8117         0.0000        -0.0000        74.8360       -17.1530        38.5020       -62.4840 
UPC1 UPC2 06 19 077 19010       -14.8140       -14.0463       -14.8980       -14.3200       -14.8060         0.0000         0.0000        74.8600       -17.0440        38.5330       -62.4580 
UPC1 UPC2 06 19 077 19015       -14.8150       -14.0401       -14.4630       -14.3142       -14.8002         0.0000        -0.0000        74.8850       -16.9340        38.5630       -62.4320 
UPC1 UPC2 06 19 077 19020       -14.6660       -14.0287       -14.2130       -14.3039       -14.7944         0.0000        -0.0000        74.9100       -16.8240        38.5940       -62.4050 
UPC1 UPC2 06 19 077 19025       -14.4710       -14.0227       -14.0630       -14.2980       -14.7887         0.0000        -0.0000        74.9340       -16.7140        38.6240       -62.3790 
UPC1 UPC2 06 19 077 19030       -14.9350       -14.0172       -14.1880       -14.2930       -14.7830         0.0000        -0.0000        74.9590       -16.6030        38.6540       -62.3530 
UPC1 UPC2 06 19 077 19035       -15.2100       -14.0136       -13.9880       -14.2899       -14.7770         0.0000        -0.0000        74.9830       -16.4920        38.6850       -62.3270 
UPC1 UPC2 06 19 077 19040       -15.2040       -14.0081       -14.0940       -14.2841       -14.7713         0.0000        -0.0000        75.0080       -16.3810        38.7150       -62.3000 
UPC1 UPC2 06 19 077 19045       -15.3400       -14.0058       -13.9470       -14.2807       -14.7654         0.0000         0.0000        75.0320       -16.2700        38.7460       -62.2740 
UPC1 UPC2 06 19 077 19050       -15.1150       -13.9980       -14.0870       -14.2716       -14.7596         0.0000        -0.0000        75.0570       -16.1580        38.7760       -62.2480 
UPC1 UPC2 06 19 077 19055       -14.7900       -13.9926       -14.0470       -14.2650       -14.7538         0.0000        -0.0000        75.0810       -16.0460        38.8070       -62.2210 
UPC1 UPC2 06 19 077 19060       -14.6870       -13.9828       -14.2580       -14.2551       -14.7479         0.0000         0.0000        75.1050       -15.9330        38.8370       -62.1950 
UPC1 UPC2 06 19 077 19065       -14.7640       -13.9805       -14.4030       -14.2522       -14.7420         0.0000         0.0000        75.1300       -15.8210        38.8680       -62.1690 
UPC1 UPC2 06 19 077 19070       -14.6870       -13.9744       -14.5660       -14.2453       -14.7362         0.0000         0.0000        75.1540       -15.7080        38.8980       -62.1420 
UPC1 UPC2 06 19 077 19075       -14.6790       -13.9694       -14.3420       -14.2399       -14.7302         0.0000         0.0000        75.1780       -15.5940        38.9290       -62.1160 
UPC1 UPC2 06 19 077 19080       -14.5240       -13.9643       -14.4930       -14.2346       -14.7243         0.0000        -0.0000        75.2030       -15.4810        38.9590       -62.0900 
UPC1 UPC2 06 19 077 19085       -14.7430       -13.9568       -14.6490       -14.2268       -14.7184         0.0000         0.0000        75.2270       -15.3670        38.9900       -62.0630 
UPC1 UPC2 06 19 077 19090       -15.0740       -13.9521       -15.1130       -14.2219       -14.7125         0.0000        -0.0000        75.2510       -15.2530        39.0200       -62.0370 
UPC1 UPC2 06 19 077 19095       -15.3790       -13.9455       -15.1510       -14.2161       -14.7066         0.0000         0.0000        75.2750       -15.1380        39.0510       -62.0110 
UPC1 UPC2 06 19 077 19100       -15.5630       -13.9409       -14.9880       -14.2112       -14.7007         0.0000         0.0000        75.2990       -15.0230        39.0810       -61.9840 
UPC1 UPC2 06 19 077 19105       -15.5090       -13.9359       -15.3550       -14.2069       -14.6946         0.0000         0.0000        75.3230       -14.9080        39.1120       -61.9580 
UPC1 UPC2 06 19 077 19110       -15.7410       -13.9311       -15.4000       -14.2016       -14.6887         0.0000         0.0000        75.3470       -14.7930        39.1420       -61.9320 
UPC1 UPC2 06 19 077 19115       -15.6920       -13.9273       -15.5290       -14.1972       -14.6828         0.0000         0.0000        75.3710       -14.6770        39.1730       -61.9050 
UPC1 UPC2 06 19 077 19120       -15.7310       -13.9188       -15.4760       -14.1884       -14.6768         0.0000        -0.0000        75.3950       -14.5610        39.2040       -61.8790 
UPC1 UPC2 06 19 077 19125       -15.6760       -13.9129       -15.5800       -14.1818       -14.6709         0.0000        -0.0000        75.4190       -14.4440        39.2340       -61.8530 
UPC1 UPC2 06 19 077 19130       -15.5660       -13.9089       -15.5280       -14.1776       -14.6648         0.0000        -0.0000        75.4430       -14.3280        39.2650       -61.8260 
UPC1 UPC2 06 19 077 19135       -15.5050       -13.9010       -15.4530       -14.1693       -14.6588         0.0000         0.0000        75.4670       -14.2110        39.2950       -61.8000 
UPC1 UPC2 06 19 077 19140       -15.0790       -13.8920       -15.2920       -14.1608       -14.6528         0.0000         0.0000        75.4910       -14.0930        39.3260       -61.7740 
UPC1 UPC2 06 19 077 19145       -15.0150       -13.8873       -14.8930       -14.1571       -14.6466         0.0000        -0.0000        75.5140       -13.9760        39.3560       -61.7470 
UPC1 UPC2 06 19 077 19150       -14.8760       -13.8797       -14.7130       -14.1506       -14.6407         0.0000         0.0000        75.5380       -13.8580        39.3870       -61.7210 
UPC1 UPC2 06 19 077 19155       -14.8030       -13.8751       -14.7780       -14.1464       -14.6346         0.0000         0.0000        75.5620       -13.7390        39.4180       -61.6950 
UPC1 UPC2 06 19 077 19160       -14.7810       -13.8655       -14.4610       -14.1375       -14.6285         0.0000        -0.0000        75.5850       -13.6210        39.4480       -61.6680 
UPC1 UPC2 06 19 077 19165       -14.3950       -13.8617       -14.2410       -14.1339       -14.6223         0.0000        -0.0000        75.6090       -13.5020        39.4790       -61.6420 
UPC1 UPC2 06 19 077 19170       -14.1370       -13.8556       -14.0590       -14.1287       -14.6163         0.0000        -0.0000        75.6330       -13.3820        39.5090       -61.6160 
UPC1 UPC2 06 19 077 19175       -14.3480       -13.8512       -14.2610       -14.1244       -14.6102         0.0000         0.0000        75.6560       -13.2630        39.5400       -61.5890 
UPC1 UPC2 06 19 077 19180       -14.4330       -13.8433       -14.3730       -14.1161       -14.6042         0.0000         0.0000        75.6800       -13.1430        39.5710       -61.5630 
UPC1 UPC2 06 19 077 19185       -14.4520       -13.8379       -14.4780       -14.1107       -14.5980         0.0000        -0.0000        75.7030       -13.0220        39.6010       -61.5370 
UPC1 UPC2 06 19 077 19190       -14.4350       -13.8293       -14.8170       -14.1026       -14.5918         0.0000         0.0000        75.7270       -12.9020        39.6320       -61.5100 
UPC1 UPC2 06 19 077 19195       -14.6430       -13.8218       -14.8570       -14.0958       -14.5856         0.0000         0.0000        75.7500       -12.7810        39.6620       -61.4840 
UPC1 UPC2 06 19 077 19200       -14.6700       -13.8195       -14.7860       -14.0942       -14.5796         0.0000        -0.0000        75.7730       -12.6590        39.6930       -61.4580 
UPC1 UPC2 06 19 077 19205       -14.7940       -13.8140       -14.7120       -14.0892       -14.5734         0.0000        -0.0000        75.7970       -12.5380        39.7240       -61.4310 
UPC1 UPC2 06 19 077 19210       -14.5990       -13.8053       -14.6490       -14.0807       -14.5673         0.0000        -0.0000        75.8200       -12.4160        39.7540       -61.4050 
UPC1 UPC2 06 19 077 19215       -14.5370       -13.8012       -14.7190       -14.0763       -14.5611         0.0000         0.0000        75.8430       -12.2940        39.7850       -61.3790 
UPC1 UPC2 06 19 077 19220       -14.1920       -13.7911       -14.8650       -14.0658       -14.5549         0.0000         0.0000        75.8660       -12.1710        39.8160       -61.3520 
UPC1 UPC2 06 19 077 19225       -14.2520       -13.7832       -14.9880       -14.0572       -14.5487         0.0000        -0.0000        75.8890       -12.0480        39.8460       -61.3260 
UPC1 UPC2 06 19 077 19230       -14.2290       -13.7811       -15.1010       -14.0548       -14.5424         0.0000        -0.0000        75.9130       -11.9250        39.8770       -61.3000 
UPC1 UPC2 06 19 077 19235       -14.2650       -13.7744       -15.2130       -14.0487       -14.5362         0.0000         0.0000        75.9360       -11.8010        39.9080       -61.2730 
UPC1 UPC2 06 19 077 19240       -14.1650       -13.7672       -15.0970       -14.0409       -14.5300         0.0000         0.0000        75.9590       -11.6770        39.9380       -61.2470 
UPC1 UPC2 06 19 077 19245       -14.2850       -13.7602       -15.3470       -14.0338       -14.5239         0.0000        -0.0000        75.9820       -11.5520        39.9690       -61.2200 
UPC1 UPC2 06 19 077 19250       -14.5660       -13.7563       -15.1300       -14.0298       -14.5175         0.0000         0.0000        76.0050       -11.4280        40.0000       -61.1940 
UPC1 UPC2 06 19 077 19255       -14.6390       -13.7497       -14.7640       -14.0223       -14.5114         0.0000         0.0000        76.0270       -11.3030        40.0310       -61.1680 
UPC1 UPC2 06 19 077 19260       -14.7570       -13.7436       -14.6390       -14.0161       -14.5050         0.0000        -0.0000        76.0500       -11.1770        40.0610       -61.1410 
UPC1 UPC2 06 19 077 19265       -14.6310       -13.7319       -14.6380       -14.0045       -14.4986         0.0000        -0.0000        76.0730       -11.0510        40.0920       -61.1150 
UPC1 UPC2 06 19 077 19270       -14.7820       -13.7287       -14.4610       -14.0016       -14.4924         0.0000        -0.0000        76.0960       -10.9250        40.1230       -61.0890 
UPC1 UPC2 06 19 077 19275       -14.6630       -13.7219       -14.4640       -13.9950       -14.4862         0.0000         0.0000        76.1190       -10.7990        40.1530       -61.0620 
UPC1 UPC2 06 19 077 19280       -14.9300       -13.7170       -14.4480       -13.9895       -14.4798         0.0000         0.0000        76.1410       -10.6720        40.1840       -61.0360 
UPC1 UPC2 06 19 077 19285       -15.0980       -13.7083       -14.1430       -13.9808       -14.4734         0.0000        -0.0000        76.1640       -10.5450        40.2150       -61.0100 
UPC1 UPC2 06 19 077 19290       -15.3880       -13.7033       -14.1660       -13.9759       -14.4670         0.0000         0.0000        76.1870       -10.4170        40.2460       -60.9830 
UPC1 UPC2 06 19 077 19295       -15.8270       -13.6990       -14.1740       -13.9722       -14.4609         0.0000        -0.0000        76.2090       -10.2890        40.2760       -60.9570 
UPC1 UPC2 06 19 077 19300       -15.7070       -13.6905       -13.9670       -13.9628       -14.4544         0.0000        -0.0000        76.2320       -10.1610        40.3070       -60.9310 
UPC1 UPC2 06 19 077 19305       -15.5210       -13.6840       -13.7980       -13.9563       -14.4481         0.0000        -0.0000        76.2540       -10.0330        40.3380       -60.9040 
UPC1 UPC2 06 19 077 19310       -15.3420       -13.6773       -13.9620       -13.9495       -14.4417         0.0000        -0.0000        76.2760        -9.9040        40.3690       -60.8780 
UPC1 UPC2 06 19 077 19315       -15.1830       -13.6701       -14.1870       -13.9432       -14.4353         0.0000        -0.0000        76.2990        -9.7740        40.3990       -60.8510 
UPC1 UPC2 06 19 077 19320       -15.2070       -13.6637       -14.3020       -13.9364       -14.4290         0.0000         0.0000        76.3210        -9.6450        40.4300       -60.8250 
UPC1 UPC2 06 19 077 19325       -14.9460       -13.6569       -14.2640       -13.9298       -14.4225         0.0000         0.0000        76.3430        -9.5150        40.4610       -60.7990 
UPC1 UPC2 06 19 077 19330       -14.9800       -13.6499       -14.6900       -13.9233       -14.4161         0.0000        -0.0000        76.3660        -9.3840        40.4920       -60.7720 
UPC1 UPC2 06 19 077 19335       -15.0940       -13.6485       -14.7610       -13.9227       -14.4097         0.0000        -0.0000        76.3880        -9.2530        40.5230       -60.7460 
UPC1 UPC2 06 19 077 19340       -14.6320       -13.6346       -14.5540       -13.9083       -14.4032         0.0000         0.0000        76.4100        -9.1220        40.5530       -60.7200 
UPC1 UPC2 06 19 077 19345       -14.2370       -13.6342       -14.4520       -13.9077       -14.3967         0.0000         0.0000        76.4320        -8.9910        40.5840       -60.6930 
UPC1 UPC2 06 19 077 19350       -14.2520       -13.6259       -14.7810       -13.8997       -14.3903         0.0000         0.0000        76.4540        -8.8590        40.6150       -60.6670 
UPC1 UPC2 06 19 077 19355       -14.7520       -13.6236       -14.9680       -13.8975       -14.3839         0.0000         0.0000        76.4760        -8.7270        40.6460       -60.6410 
UPC1 UPC2 06 19 077 19360       -14.9110       -13.6170       -15.2900       -13.8904       -14.3773         0.0000        -0.0000        76.4980        -8.5940        40.6770       -60.6140 
UPC1 UPC2 06 19 077 19365       -14.9860       -13.6093       -15.3540       -13.8817       -14.3709         0.0000        -0.0000        76.5200        -8.4610        40.7080       -60.5880 
UPC1 UPC2 06 19 077 19370       -14.7830       -13.6016       -15.3060       -13.8733       -14.3644         0.0000         0.0000        76.5420        -8.3280        40.7380       -60.5610 
UPC1 UPC2 06 19 077 19375       -14.8000       -13.5948       -15.5540       -13.8665       -14.3579         0.0000         0.0000        76.5640        -8.1940        40.7690       -60.5350 
UPC1 UPC2 06 19 077 19380       -14.9420       -13.5939       -15.7660       -13.8655       -14.3515         0.0000        -0.0000        76.5850        -8.0600        40.8000       -60.5090 
UPC1 UPC2 06 19 077 19385       -15.2880       -13.5886       -15.8350       -13.8595       -14.3449         0.0000        -0.0000        76.6070        -7.9260        40.8310       -60.4820 
UPC1 UPC2 06 19 077 19390       -14.8460       -13.5798       -15.7490       -13.8509       -14.3383         0.0000         0.0000        76.6290        -7.7910        40.8620       -60.4560 
UPC1 UPC2 06 19 077 19395       -14.7540       -13.5719       -15.5490       -13.8440       -14.3318         0.0000        -0.0000        76.6500        -7.6550        40.8930       -60.4290 
UPC1 UPC2 06 19 077 19400       -14.8720       -13.5656       -15.0370       -13.8387       -14.3252         0.0000        -0.0000        76.6720        -7.5200        40.9240       -60.4030 
UPC1 UPC2 06 19 077 19405       -14.6050       -13.5581       -14.6540       -13.8315       -14.3186         0.0000         0.0000        76.6940        -7.3840        40.9540       -60.3770 
UPC1 UPC2 06 19 077 19410       -14.6050       -13.5508       -14.3660       -13.8245       -14.3120         0.0000        -0.0000        76.7150        -7.2480        40.9850       -60.3500 
UPC1 UPC2 06 19 077 19415       -14.5060       -13.5452       -14.1060       -13.8191       -14.3055         0.0000         0.0000        76.7360        -7.1110        41.0160       -60.3240 
UPC1 UPC2 06 19 077 19420       -14.4430       -13.5415       -14.0170       -13.8155       -14.2989         0.0000        -0.0000        76.7580        -6.9740        41.0470       -60.2980 
UPC1 UPC2 06 19 077 19425       -14.1730       -13.5319       -13.8060       -13.8062       -14.2923         0.0000        -0.0000        76.7790        -6.8360        41.0780       -60.2710 
UPC1 UPC2 06 19 077 19430       -14.4870       -13.5221       -13.7490       -13.7966       -14.2858         0.0000         0.0000        76.8000        -6.6980        41.1090       -60.2450 
UPC1 UPC2 06 19 077 19435       -14.3760       -13.5151       -13.7240       -13.7900       -14.2791         0.0000         0.0000        76.8220        -6.5600        41.1400       -60.2180 
UPC1 UPC2 06 19 077 19440       -14.3520       -13.5095       -13.7630       -13.7843       -14.2724         0.0000        -0.0000        76.8430        -6.4210        41.1710       -60.1920 
UPC1 UPC2 06 19 077 19445       -14.5200       -13.5014       -13.7480       -13.7761       -14.2658         0.0000        -0.0000        76.8640        -6.2820        41.2020       -60.1660 
UPC1 UPC2 06 19 077 19450       -14.5890       -13.4941       -13.6920       -13.7693       -14.2592         0.0000         0.0000        76.8850        -6.1430        41.2330       -60.1390 
UPC1 UPC2 06 19 077 19455       -14.7660       -13.4871       -13.7270       -13.7616       -14.2525         0.0000        -0.0000        76.9060        -6.0030        41.2640       -60.1130 
UPC1 UPC2 06 19 077 19460       -14.9730       -13.4835       -13.8340       -13.7581       -14.2458         0.0000         0.0000        76.9270        -5.8630        41.2940       -60.0860 
UPC1 UPC2 06 19 077 19465       -15.0670       -13.4776       -13.9460       -13.7522       -14.2392         0.0000         0.0000        76.9480        -5.7220        41.3250       -60.0600 
UPC1 UPC2 06 19 077 19470       -15.0580       -13.4681       -13.8570       -13.7424       -14.2325         0.0000         0.0000        76.9690        -5.5810        41.3560       -60.0340 
UPC1 UPC2 06 19 077 19475       -15.0250       -13.4607       -14.2020       -13.7341       -14.2258         0.0000         0.0000        76.9890        -5.4400        41.3870       -60.0070 
UPC1 UPC2 06 19 077 19480       -15.1280       -13.4553       -14.1810       -13.7286       -14.2190         0.0000         0.0000        77.0100        -5.2980        41.4180       -59.9810 
UPC1 UPC2 06 19 077 19485       -15.0900       -13.4511       -14.1550       -13.7241       -14.2124         0.0000         0.0000        77.0310        -5.1560        41.4490       -59.9540 
UPC1 UPC2 06 19 077 19490       -15.1770       -13.4424       -14.1680       -13.7144       -14.2056         0.0000        -0.0000        77.0510        -5.0130        41.4800       -59.9280 
UPC1 UPC2 06 19 077 19495       -14.9270       -13.4357       -14.3250       -13.7073       -14.1989         0.0000         0.0000        77.0720        -4.8700        41.5110       -59.9020 
UPC1 UPC2 06 19 077 19500       -14.8530       -13.4306       -14.4000       -13.7021       -14.1921         0.0000        -0.0000        77.0920        -4.7270        41.5420       -59.8750 
UPC1 UPC2 06 19 077 19505       -14.8430       -13.4215       -14.4990       -13.6934       -14.1854         0.0000         0.0000        77.1130        -4.5830        41.5730       -59.8490 
UPC1 UPC2 06 19 077 19510       -14.8230       -13.4160       -14.2220       -13.6880       -14.1787         0.0000         0.0000        77.1330        -4.4390        41.6040       -59.8220 
UPC1 UPC2 06 19 077 19515       -14.8550       -13.4114       -14.4040       -13.6829       -14.1718         0.0000         0.0000        77.1540        -4.2940        41.6350       -59.7960 
UPC1 UPC2 06 19 077 19520       -14.4870       -13.4037       -14.3890       -13.6753       -14.1651         0.0000         0.0000        77.1740        -4.1490        41.6660       -59.7700 
UPC1 UPC2 06 19 077 19525       -14.1100       -13.3964       -14.2310       -13.6682       -14.1583         0.0000         0.0000        77.1940        -4.0040        41.6970       -59.7430 
UPC1 UPC2 06 19 077 19530       -14.2170       -13.3936       -14.2930       -13.6656       -14.1515         0.0000        -0.0000        77.2140        -3.8580        41.7280       -59.7170 
UPC1 UPC2 06 19 077 19535       -14.5760       -13.3847       -14.4190       -13.6570       -14.1446         0.0000        -0.0000        77.2340        -3.7120        41.7590       -59.6900 
UPC1 UPC2 06 19 077 19540       -14.5190       -13.3767       -14.3310       -13.6497       -14.1377         0.0000         0.0000        77.2550        -3.5650        41.7900       -59.6640 
UPC1 UPC2 06 19 077 19545       -14.3160       -13.3696       -14.4970       -13.6426       -14.1310         0.0000         0.0000        77.2750        -3.4180        41.8210       -59.6370 
UPC1 UPC2 06 19 077 19550       -14.7310       -13.3627       -14.6970       -13.6354       -14.1241         0.0000        -0.0000        77.2940        -3.2710        41.8520       -59.6110 
UPC1 UPC2 06 19 077 19555       -14.7270       -13.3522       -14.7590       -13.6248       -14.1173         0.0000        -0.0000        77.3140        -3.1230        41.8840       -59.5850 
UPC1 UPC2 06 19 077 19560       -14.5130       -13.3463       -14.4860       -13.6186       -14.1104         0.0000        -0.0000        77.3340        -2.9750        41.9150       -59.5580 
UPC1 UPC2 06 19 077 19565       -14.2090       -13.3406       -14.3270       -13.6132       -14.1035         0.0000        -0.0000        77.3540        -2.8260        41.9460       -59.5320 
UPC1 UPC2 06 19 077 19570       -14.0250       -13.3346       -14.2980       -13.6080       -14.0967         0.0000        -0.0000        77.3740        -2.6770        41.9770       -59.5050 
UPC1 UPC2 06 19 077 19575       -13.9110       -13.3270       -14.2470       -13.6003       -14.0898         0.0000         0.0000        77.3930        -2.5280        42.0080       -59.4790 
UPC1 UPC2 06 19 077 19580       -14.0620       -13.3217       -14.3670       -13.5954       -14.0828         0.0000        -0.0000        77.4130        -2.3780        42.0390       -59.4530 
UPC1 UPC2 06 19 077 19585       -13.9880       -13.3124       -14.2470       -13.5864       -14.0761         0.0000         0.0000        77.4320        -2.2270        42.0700       -59.4260 
UPC1 UPC2 06 19 077 19590       -14.1880       -13.3076       -14.0070       -13.5826       -14.0691         0.0000        -0.0000        77.4520        -2.0770        42.1010       -59.4000 
UPC1 UPC2 06 19 077 19595       -14.2350       -13.2989       -13.7130       -13.5734       -14.0621         0.0000        -0.0000        77.4710        -1.9260        42.1320       -59.3730 
UPC1 UPC2 06 19 077 19600       -14.6080       -13.2899       -13.5470       -13.5646       -14.0552         0.0000        -0.0000        77.4910        -1.7740        42.1630       -59.3470 
UPC1 UPC2 06 19 077 19605       -14.4810       -13.2845       -13.5350       -13.5581       -14.0482         0.0000        -0.0000        77.5100        -1.6220        42.1940       -59.3200 
UPC1 UPC2 06 19 077 19610       -14.3260       -13.2808       -13.3640       -13.5540       -14.0413         0.0000        -0.0000        77.5290        -1.4700        42.2260       -59.2940 
UPC1 UPC2 06 19 077 19615       -14.7340       -13.2731       -13.3440       -13.5461       -14.0343         0.0000        -0.0000        77.5480        -1.3170        42.2570       -59.2670 
UPC1 UPC2 06 19 077 19620       -15.0430       -13.2668       -13.5790       -13.5389       -14.0273         0.0000         0.0000        77.5670        -1.1640        42.2880       -59.2410 
UPC1 UPC2 06 19 077 19625       -15.0700       -13.2585       -13.5790       -13.5300       -14.0203         0.0000        -0.0000        77.5860        -1.0100        42.3190       -59.2150 
UPC1 UPC2 06 19 077 19630       -15.2550       -13.2520       -13.7850       -13.5228       -14.0133         0.0000         0.0000        77.6050        -0.8560        42.3500       -59.1880 
UPC1 UPC2 06 19 077 19635       -15.1390       -13.2457       -13.9120       -13.5163       -14.0064         0.0000         0.0000        77.6240        -0.7020        42.3810       -59.1620 
UPC1 UPC2 06 19 077 19640       -15.2470       -13.2403       -14.1660       -13.5109       -13.9993         0.0000        -0.0000        77.6430        -0.5470        42.4120       -59.1350 
UPC1 UPC2 06 19 077 19645       -15.1540       -13.2320       -14.3840       -13.5023       -13.9924         0.0000        -0.0000        77.6620        -0.3920        42.4440       -59.1090 
UPC1 UPC2 06 19 077 19650       -13.2410       -11.5360       -12.8060       -11.8065       -12.2960         0.0000        -0.0000        77.6810        -0.2360        42.4750       -59.0820 
UPC1 UPC2 06 19 077 19655       -13.3070       -11.5258       -12.5810       -11.7963       -12.2883         0.0000         0.0000        77.6990        -0.0800        42.5060       -59.0560 
UPC1 UPC2 06 19 077 19660       -13.1940       -11.5193       -12.6280       -11.7903       -12.2805         0.0000         0.0000        77.7180         0.0770        42.5370       -59.0300 
UPC1 UPC2 06 19 077 19665       -12.9590       -11.5105       -12.3460       -11.7812       -12.2727         0.0000        -0.0000        77.7360         0.2340        42.5680       -59.0030 
UPC1 UPC2 06 19 077 19670       -12.7770       -11.5036       -12.3810       -11.7744       -12.2650         0.0000         0.0000        77.7550         0.3910        42.6000       -58.9770 
UPC1 UPC2 06 19 077 19675       -12.8960       -11.4939       -12.6890       -11.7654       -12.2572         0.0000        -0.0000        77.7730         0.5490        42.6310       -58.9500 
UPC1 UPC2 06 19 077 19680       -12.9000       -11.4894       -12.8790       -11.7609       -12.2493         0.0000         0.0000        77.7910         0.7070        42.6620       -58.9240 
UPC1 UPC2 06 19 077 19685       -12.8800       -11.4810       -12.8100       -11.7525       -12.2416         0.0000         0.0000        77.8100         0.8660        42.6930       -58.8970 
UPC1 UPC2 06 19 077 19690       -13.0500       -11.4719       -12.7040       -11.7428       -12.2337         0.0000         0.0000        77.8280         1.0250        42.7240       -58.8710 
UPC1 UPC2 06 19 077 19695       -13.2540       -11.4676       -12.4010       -11.7391       -12.2259         0.0000         0.0000        77.8460         1.1840        42.7560       -58.8440 
UPC1 UPC2 06 19 077 19700       -13.4150       -11.4601       -12.2630       -11.7308       -12.2180         0.0000         0.0000        77.8640         1.3440        42.7870       -58.8180 
UPC1 UPC2 06 19 077 19705       -13.2710       -11.4491       -12.3210       -11.7196       -12.2103         0.0000        -0.0000        77.8820         1.5040        42.8180       -58.7910 
UPC1 UPC2 06 19 077 19710       -13.1040       -11.4405       -12.1990       -11.7111       -12.2024         0.0000         0.0000        77.9000         1.6650        42.8490       -58.7650 
UPC1 UPC2 06 19 077 19715       -12.9980       -11.4372       -11.9520       -11.7087       -12.1945         0.0000        -0.0000        77.9180         1.8260        42.8810       -58.7380 
UPC1 UPC2 06 19 077 19720       -12.7970       -11.4258       -12.1520       -11.6975       -12.1867         0.0000         0.0000        77.9350         1.9880        42.9120       -58.7120 
UPC1 UPC2 06 19 077 19725       -12.5650       -11.4166       -12.2180       -11.6894       -12.1789         0.0000         0.0000        77.9530         2.1500        42.9430       -58.6860 
UPC1 UPC2 06 19 077 19730       -12.3610       -11.4061       -12.4850       -11.6800       -12.1709         0.0000         0.0000        77.9710         2.3130        42.9740       -58.6590 
UPC1 UPC2 06 19 077 19735       -12.1520       -11.4016       -12.8200       -11.6766       -12.1631         0.0000        -0.0000        77.9880         2.4750        43.0060       -58.6330 
UPC1 UPC2 06 19 077 19740       -12.3040       -11.3910       -13.0800       -11.6676       -12.1552         0.0000         0.0000        78.0060         2.6390        43.0370       -58.6060 
UPC1 UPC2 06 19 077 19745       -12.4200       -11.3818       -13.1000       -11.6598       -12.1472         0.0000         0.0000        78.0230         2.8030        43.0680       -58.5800 
UPC1 UPC2 06 19 077 19750       -12.5810       -11.3763       -13.0360       -11.6547       -12.1393         0.0000         0.0000        78.0410         2.9670        43.0990       -58.5530 
UPC1 UPC2 06 19 077 19755       -12.8700       -11.3674       -13.2100       -11.6462       -12.1314         0.0000        -0.0000        78.0580         3.1310        43.1310       -58.5270 
UPC1 UPC2 06 19 077 19760       -12.7490       -11.3621       -12.8900       -11.6411       -12.1233         0.0000         0.0000        78.0750         3.2960        43.1620       -58.5000 
UPC1 UPC2 06 19 077 19765       -12.7550       -11.3539       -13.0270       -11.6330       -12.1155         0.0000         0.0000        78.0920         3.4620        43.1930       -58.4740 
UPC1 UPC2 06 19 077 19770       -12.7910       -11.3462       -13.2130       -11.6252       -12.1075         0.0000        -0.0000        78.1090         3.6280        43.2250       -58.4470 
UPC1 UPC2 06 19 077 19775       -12.8590       -11.3392       -12.8880       -11.6175       -12.0995         0.0000         0.0000        78.1260         3.7940        43.2560       -58.4210 
UPC1 UPC2 06 19 077 19780       -12.8080       -11.3300       -12.5690       -11.6071       -12.0916         0.0000         0.0000        78.1430         3.9610        43.2870       -58.3940 
UPC1 UPC2 06 19 077 19785       -12.6700       -11.3208       -12.3310       -11.5972       -12.0836         0.0000        -0.0000        78.1600         4.1280        43.3190       -58.3680 
UPC1 UPC2 06 19 077 19790       -12.5130       -11.3167       -12.0720       -11.5921       -12.0757         0.0000        -0.0000        78.1770         4.2960        43.3500       -58.3410 
UPC1 UPC2 06 19 077 19795       -12.2140       -11.3045       -12.2060       -11.5792       -12.0676         0.0000         0.0000        78.1930         4.4640        43.3810       -58.3150 
UPC1 UPC2 06 19 077 19800       -12.1420       -11.2962       -12.0700       -11.5711       -12.0596         0.0000         0.0000        78.2100         4.6320        43.4130       -58.2880 
UPC1 UPC2 06 19 077 19805       -11.8190       -11.2885       -12.3810       -11.5636       -12.0516         0.0000         0.0000        78.2260         4.8010        43.4440       -58.2620 
UPC1 UPC2 06 19 077 19810       -11.8200       -11.2799       -12.6210       -11.5550       -12.0434         0.0000        -0.0000        78.2430         4.9700        43.4750       -58.2350 
UPC1 UPC2 06 19 077 19815       -12.0310       -11.2721       -12.8320       -11.5471       -12.0354         0.0000         0.0000        78.2590         5.1400        43.5070       -58.2090 
UPC1 UPC2 06 19 077 19820       -11.9980       -11.2629       -12.8160       -11.5380       -12.0274         0.0000         0.0000        78.2760         5.3100        43.5380       -58.1820 
UPC1 UPC2 06 19 077 19825       -12.2350       -11.2556       -12.8600       -11.5316       -12.0194         0.0000         0.0000        78.2920         5.4810        43.5700       -58.1560 
UPC1 UPC2 06 19 077 19830       -12.2450       -11.2492       -13.0640       -11.5251       -12.0113         0.0000         0.0000        78.3080         5.6520        43.6010       -58.1290 
UPC1 UPC2 06 19 077 19835       -12.0260       -11.2400       -13.2490       -11.5162       -12.0032         0.0000         0.0000        78.3240         5.8230        43.6320       -58.1030 
UPC1 UPC2 06 19 077 19840       -12.0650       -11.2304       -13.0110       -11.5062       -11.9952         0.0000        -0.0000        78.3400         5.9950        43.6640       -58.0760 
UPC1 UPC2 06 19 077 19845       -11.7970       -11.2241       -12.9980       -11.5001       -11.9871         0.0000         0.0000        78.3560         6.1680        43.6950       -58.0500 
UPC1 UPC2 06 19 077 19850       -12.0850       -11.2142       -12.8180       -11.4893       -11.9789         0.0000        -0.0000        78.3720         6.3400        43.7270       -58.0230 
UPC1 UPC2 06 19 077 19855       -12.0980       -11.2110       -12.6510       -11.4859       -11.9708         0.0000         0.0000        78.3880         6.5140        43.7580       -57.9970 
UPC1 UPC2 06 19 077 19860       -12.0730       -11.2037       -12.9180       -11.4781       -11.9627         0.0000         0.0000        78.4030         6.6870        43.7890       -57.9700 
UPC1 UPC2 06 19 077 19865       -12.2880       -11.1954       -13.0050       -11.4684       -11.9546         0.0000         0.0000        78.4190         6.8610        43.8210       -57.9440 
UPC1 UPC2 06 19 077 19870       -12.0580       -11.1870       -12.9470       -11.4598       -11.9465         0.0000         0.0000        78.4340         7.0360        43.8520       -57.9170 
UPC1 UPC2 06 19 077 19875       -12.1550       -11.1782       -12.7920       -11.4508       -11.9384         0.0000         0.0000        78.4500         7.2100        43.8840       -57.8910 
UPC1 UPC2 06 19 077 19880       -11.9140       -11.1692       -12.7390       -11.4418       -11.9302         0.0000         0.0000        78.4650         7.3860        43.9150       -57.8640 
UPC1 UPC2 06 19 077 19885       -11.8580       -11.1626       -12.9020       -11.4344       -11.9221         0.0000         0.0000        78.4800         7.5620        43.9470       -57.8380 
UPC1 UPC2 06 19 077 19890       -11.9030       -11.1496       -13.0920       -11.4220       -11.9140         0.0000        -0.0000        78.4960         7.7380        43.9780       -57.8110 
UPC1 UPC2 06 19 077 19895       -11.9640       -11.1431       -13.2140       -11.4165       -11.9056         0.0000         0.0000        78.5110         7.9140        44.0100       -57.7850 
UPC1 UPC2 06 19 077 19900       -11.9350       -11.1303       -13.2310       -11.4044       -11.8974         0.0000         0.0000        78.5260         8.0910        44.0410       -57.7580 
