UPC1 UPC2 06 07 077 18000        -4.1500        -4.0783        -3.9610        -4.0354        -4.2608         0.0000         0.0000        69.4240       -34.5100        12.5970       -47.0450 
UPC1 UPC2 06 07 077 18005        -4.1310        -4.1080        -3.8900        -4.0676        -4.2949         0.0000         0.0000        69.4520       -34.4410        12.6040       -47.0790 
UPC1 UPC2 06 07 077 18010        -4.1220        -4.1488        -3.9430        -4.1115        -4.3289         0.0000        -0.0000        69.4810       -34.3720        12.6100       -47.1120 
UPC1 UPC2 06 07 077 18015        -3.9910        -4.1760        -4.1830        -4.1376        -4.3630         0.0000         0.0000        69.5090       -34.3030        12.6160       -47.1460 
UPC1 UPC2 06 07 077 18020        -4.0590        -4.2129        -4.2730        -4.1760        -4.3971         0.0000         0.0000        69.5380       -34.2330        12.6230       -47.1800 
UPC1 UPC2 06 07 077 18025        -4.3490        -4.2520        -4.0850        -4.2138        -4.4312         0.0000         0.0000        69.5660       -34.1640        12.6290       -47.2140 
UPC1 UPC2 06 07 077 18030        -4.5750        -4.2879        -4.3370        -4.2492        -4.4652         0.0000         0.0000        69.5940       -34.0940        12.6350       -47.2480 
UPC1 UPC2 06 07 077 18035        -4.5830        -4.3200        -4.3830        -4.2800        -4.4993         0.0000         0.0000        69.6230       -34.0250        12.6410       -47.2820 
UPC1 UPC2 06 07 077 18040        -4.7380        -4.3512        -4.3820        -4.3142        -4.5333         0.0000         0.0000        69.6510       -33.9550        12.6480       -47.3160 
UPC1 UPC2 06 07 077 18045        -4.6910        -4.3924        -4.5370        -4.3559        -4.5674         0.0000         0.0000        69.6790       -33.8850        12.6540       -47.3500 
UPC1 UPC2 06 07 077 18050        -4.9680        -4.4232        -4.6790        -4.3842        -4.6014         0.0000         0.0000        69.7080       -33.8150        12.6600       -47.3830 
UPC1 UPC2 06 07 077 18055        -4.8530        -4.4577        -4.8740        -4.4168        -4.6354         0.0000         0.0000        69.7360       -33.7440        12.6660       -47.4170 
UPC1 UPC2 06 07 077 18060        -5.1740        -4.4955        -4.8640        -4.4546        -4.6693         0.0000        -0.0000        69.7640       -33.6740        12.6720       -47.4510 
UPC1 UPC2 06 07 077 18065        -5.1860        -4.5349        -4.9540        -4.4901        -4.7033         0.0000         0.0000        69.7920       -33.6030        12.6780       -47.4850 
UPC1 UPC2 06 07 077 18070        -5.3370        -4.5686        -5.5790        -4.5210        -4.7373         0.0000         0.0000        69.8210       -33.5330        12.6840       -47.5190 
UPC1 UPC2 06 07 077 18075        -5.0800        -4.5994        -5.4530        -4.5496        -4.7713         0.0000        -0.0000        69.8490       -33.4620        12.6900       -47.5530 
UPC1 UPC2 06 07 077 18080        -5.2120        -4.6298        -4.9030        -4.5782        -4.8052         0.0000         0.0000        69.8770       -33.3910        12.6960       -47.5870 
UPC1 UPC2 06 07 077 18085        -4.9960        -4.6582        -4.7980        -4.6021        -4.8392         0.0000         0.0000        69.9050       -33.3200        12.7020       -47.6210 
UPC1 UPC2 06 07 077 18090        -5.1970        -4.7026        -4.7660        -4.6475        -4.8730         0.0000        -0.0000        69.9340       -33.2490        12.7080       -47.6550 
UPC1 UPC2 06 07 077 18095        -4.7500        -4.7374        -5.1120        -4.6849        -4.9070         0.0000         0.0000        69.9620       -33.1770        12.7140       -47.6890 
UPC1 UPC2 06 07 077 18100        -4.3150        -4.7598        -4.9740        -4.7091        -4.9409         0.0000         0.0000        69.9900       -33.1060        12.7200       -47.7230 
UPC1 UPC2 06 07 077 18105        -4.0590        -4.7898        -5.2080        -4.7465        -4.9749         0.0000         0.0000        70.0180       -33.0340        12.7250       -47.7570 
UPC1 UPC2 06 07 077 18110        -4.0550        -4.8294        -4.7780        -4.7867        -5.0086         0.0000         0.0000        70.0460       -32.9620        12.7310       -47.7910 
UPC1 UPC2 06 07 077 18115        -3.6880        -4.8663        -4.5380        -4.8233        -5.0426         0.0000         0.0000        70.0750       -32.8900        12.7370       -47.8250 
UPC1 UPC2 06 07 077 18120        -4.0160        -4.8902        -4.8020        -4.8482        -5.0764         0.0000         0.0000        70.1030       -32.8180        12.7430       -47.8590 
UPC1 UPC2 06 07 077 18125        -4.3670        -4.9307        -5.1350        -4.8918        -5.1100         0.0000        -0.0000        70.1310       -32.7460        12.7480       -47.8940 
UPC1 UPC2 06 07 077 18130        -4.5870        -4.9562        -5.1610        -4.9201        -5.1440         0.0000        -0.0000        70.1590       -32.6740        12.7540       -47.9280 
UPC1 UPC2 06 07 077 18135        -4.7860        -4.9986        -5.6810        -4.9652        -5.1779         0.0000         0.0000        70.1870       -32.6010        12.7600       -47.9620 
UPC1 UPC2 06 07 077 18140        -4.6660        -5.0269        -5.7870        -4.9929        -5.2116         0.0000         0.0000        70.2150       -32.5290        12.7650       -47.9960 
UPC1 UPC2 06 07 077 18145        -4.8690        -5.0579        -5.9580        -5.0259        -5.2455         0.0000         0.0000        70.2430       -32.4560        12.7710       -48.0300 
UPC1 UPC2 06 07 077 18150        -4.6600        -5.0932        -5.7900        -5.0594        -5.2792         0.0000         0.0000        70.2720       -32.3830        12.7770       -48.0640 
UPC1 UPC2 06 07 077 18155        -4.8420        -5.1289        -5.8240        -5.0952        -5.3129         0.0000        -0.0000        70.3000       -32.3100        12.7820       -48.0980 
UPC1 UPC2 06 07 077 18160        -4.7010        -5.1605        -5.9870        -5.1247        -5.3467         0.0000         0.0000        70.3280       -32.2360        12.7880       -48.1320 
UPC1 UPC2 06 07 077 18165        -5.1120        -5.1964        -5.9650        -5.1591        -5.3805         0.0000         0.0000        70.3560       -32.1630        12.7930       -48.1670 
UPC1 UPC2 06 07 077 18170        -5.2330        -5.2269        -5.6630        -5.1868        -5.4142         0.0000         0.0000        70.3840       -32.0900        12.7980       -48.2010 
UPC1 UPC2 06 07 077 18175        -5.1360        -5.2627        -5.5160        -5.2234        -5.4479         0.0000         0.0000        70.4120       -32.0160        12.8040       -48.2350 
UPC1 UPC2 06 07 077 18180        -5.3300        -5.2953        -5.5330        -5.2556        -5.4817         0.0000         0.0000        70.4400       -31.9420        12.8090       -48.2690 
UPC1 UPC2 06 07 077 18185        -5.4530        -5.3286        -5.9930        -5.2876        -5.5153         0.0000        -0.0000        70.4680       -31.8680        12.8150       -48.3030 
UPC1 UPC2 06 07 077 18190        -5.8190        -5.3577        -5.9050        -5.3167        -5.5489         0.0000         0.0000        70.4960       -31.7940        12.8200       -48.3370 
UPC1 UPC2 06 07 077 18195        -6.1790        -5.3893        -6.5020        -5.3524        -5.5827         0.0000         0.0000        70.5240       -31.7200        12.8250       -48.3720 
UPC1 UPC2 06 07 077 18200        -6.2450        -5.4248        -6.5480        -5.3900        -5.6164         0.0000         0.0000        70.5520       -31.6450        12.8310       -48.4060 
UPC1 UPC2 06 07 077 18205        -6.2350        -5.4667        -6.7360        -5.4303        -5.6500         0.0000        -0.0000        70.5800       -31.5710        12.8360       -48.4400 
UPC1 UPC2 06 07 077 18210        -6.4700        -5.5014        -6.6280        -5.4629        -5.6837         0.0000        -0.0000        70.6080       -31.4960        12.8410       -48.4740 
UPC1 UPC2 06 07 077 18215        -6.7760        -5.5338        -6.5050        -5.4920        -5.7173         0.0000         0.0000        70.6360       -31.4210        12.8460       -48.5090 
UPC1 UPC2 06 07 077 18220        -7.1670        -5.5684        -6.2240        -5.5238        -5.7509         0.0000        -0.0000        70.6640       -31.3460        12.8510       -48.5430 
UPC1 UPC2 06 07 077 18225        -7.0130        -5.5991        -6.0870        -5.5541        -5.7845         0.0000        -0.0000        70.6920       -31.2710        12.8570       -48.5770 
UPC1 UPC2 06 07 077 18230        -6.7920        -5.6383        -6.2930        -5.5929        -5.8181         0.0000         0.0000        70.7200       -31.1950        12.8620       -48.6110 
UPC1 UPC2 06 07 077 18235        -5.9860        -5.6780        -5.9100        -5.6293        -5.8517         0.0000         0.0000        70.7480       -31.1200        12.8670       -48.6460 
UPC1 UPC2 06 07 077 18240        -5.6970        -5.7109        -6.0030        -5.6599        -5.8852         0.0000         0.0000        70.7750       -31.0440        12.8720       -48.6800 
UPC1 UPC2 06 07 077 18245        -5.5890        -5.7427        -5.9190        -5.6894        -5.9187         0.0000        -0.0000        70.8030       -30.9680        12.8770       -48.7140 
UPC1 UPC2 06 07 077 18250        -5.5330        -5.7756        -5.6910        -5.7209        -5.9522         0.0000         0.0000        70.8310       -30.8920        12.8820       -48.7490 
UPC1 UPC2 06 07 077 18255        -5.5840        -5.8099        -5.1680        -5.7541        -5.9858         0.0000         0.0000        70.8590       -30.8160        12.8870       -48.7830 
UPC1 UPC2 06 07 077 18260        -5.0180        -5.8465        -5.3170        -5.7893        -6.0194         0.0000         0.0000        70.8870       -30.7400        12.8920       -48.8170 
UPC1 UPC2 06 07 077 18265        -5.3670        -5.8830        -4.9960        -5.8235        -6.0529         0.0000         0.0000        70.9150       -30.6630        12.8970       -48.8520 
UPC1 UPC2 06 07 077 18270        -5.1450        -5.9124        -5.1590        -5.8521        -6.0862         0.0000         0.0000        70.9420       -30.5870        12.9020       -48.8860 
UPC1 UPC2 06 07 077 18275        -4.9620        -5.9442        -5.5640        -5.8839        -6.1198         0.0000        -0.0000        70.9700       -30.5100        12.9070       -48.9200 
UPC1 UPC2 06 07 077 18280        -5.1040        -5.9731        -5.7520        -5.9175        -6.1533         0.0000         0.0000        70.9980       -30.4330        12.9110       -48.9550 
UPC1 UPC2 06 07 077 18285        -5.3000        -6.0070        -6.1160        -5.9544        -6.1868         0.0000         0.0000        71.0260       -30.3560        12.9160       -48.9890 
UPC1 UPC2 06 07 077 18290        -5.2650        -6.0346        -6.4050        -5.9851        -6.2201         0.0000        -0.0000        71.0540       -30.2780        12.9210       -49.0240 
UPC1 UPC2 06 07 077 18295        -5.1420        -6.0697        -6.2480        -6.0242        -6.2535         0.0000         0.0000        71.0810       -30.2010        12.9260       -49.0580 
UPC1 UPC2 06 07 077 18300        -4.9660        -6.1086        -6.6700        -6.0643        -6.2869         0.0000         0.0000        71.1090       -30.1230        12.9300       -49.0920 
UPC1 UPC2 06 07 077 18305        -4.9470        -6.1403        -6.7900        -6.0979        -6.3204         0.0000         0.0000        71.1370       -30.0460        12.9350       -49.1270 
UPC1 UPC2 06 07 077 18310        -5.1740        -6.1730        -6.3600        -6.1301        -6.3539         0.0000         0.0000        71.1640       -29.9680        12.9400       -49.1610 
UPC1 UPC2 06 07 077 18315        -5.1900        -6.1981        -6.1750        -6.1539        -6.3872         0.0000        -0.0000        71.1920       -29.8890        12.9440       -49.1960 
UPC1 UPC2 06 07 077 18320        -5.2440        -6.2398        -6.1420        -6.1934        -6.4205         0.0000         0.0000        71.2200       -29.8110        12.9490       -49.2300 
UPC1 UPC2 06 07 077 18325        -5.1200        -6.2715        -6.3190        -6.2241        -6.4538         0.0000        -0.0000        71.2480       -29.7330        12.9540       -49.2650 
UPC1 UPC2 06 07 077 18330        -5.1920        -6.3043        -6.4190        -6.2581        -6.4872         0.0000        -0.0000        71.2750       -29.6540        12.9580       -49.2990 
UPC1 UPC2 06 07 077 18335        -5.2020        -6.3353        -6.1090        -6.2868        -6.5205         0.0000         0.0000        71.3030       -29.5750        12.9630       -49.3340 
UPC1 UPC2 06 07 077 18340        -5.1080        -6.3668        -6.5280        -6.3189        -6.5539         0.0000         0.0000        71.3300       -29.4960        12.9670       -49.3680 
UPC1 UPC2 06 07 077 18345        -5.1210        -6.4029        -6.7520        -6.3552        -6.5871         0.0000         0.0000        71.3580       -29.4170        12.9720       -49.4030 
UPC1 UPC2 06 07 077 18350        -5.0250        -6.4308        -6.7330        -6.3821        -6.6204         0.0000        -0.0000        71.3860       -29.3380        12.9760       -49.4370 
UPC1 UPC2 06 07 077 18355        -5.3940        -6.4676        -6.9800        -6.4205        -6.6536         0.0000         0.0000        71.4130       -29.2580        12.9800       -49.4720 
UPC1 UPC2 06 07 077 18360        -5.7020        -6.4934        -7.0180        -6.4450        -6.6870         0.0000         0.0000        71.4410       -29.1790        12.9850       -49.5060 
UPC1 UPC2 06 07 077 18365        -5.8920        -6.5339        -7.0480        -6.4872        -6.7202         0.0000         0.0000        71.4680       -29.0990        12.9890       -49.5410 
UPC1 UPC2 06 07 077 18370        -6.0420        -6.5663        -7.1650        -6.5181        -6.7534         0.0000        -0.0000        71.4960       -29.0190        12.9940       -49.5750 
UPC1 UPC2 06 07 077 18375        -6.1230        -6.5979        -7.3460        -6.5499        -6.7865         0.0000         0.0000        71.5230       -28.9390        12.9980       -49.6100 
UPC1 UPC2 06 07 077 18380        -6.3780        -6.6365        -7.0310        -6.5884        -6.8198         0.0000         0.0000        71.5510       -28.8580        13.0020       -49.6440 
UPC1 UPC2 06 07 077 18385        -6.5020        -6.6704        -7.0270        -6.6220        -6.8531         0.0000         0.0000        71.5780       -28.7780        13.0060       -49.6790 
UPC1 UPC2 06 07 077 18390        -6.7550        -6.7003        -6.8800        -6.6535        -6.8862         0.0000        -0.0000        71.6060       -28.6970        13.0110       -49.7130 
UPC1 UPC2 06 07 077 18395        -6.6410        -6.7332        -6.4980        -6.6880        -6.9194         0.0000         0.0000        71.6330       -28.6160        13.0150       -49.7480 
UPC1 UPC2 06 07 077 18400        -6.8940        -6.7712        -6.4390        -6.7251        -6.9525         0.0000         0.0000        71.6610       -28.5350        13.0190       -49.7830 
UPC1 UPC2 06 07 077 18405        -7.1600        -6.8032        -6.6470        -6.7576        -6.9856         0.0000         0.0000        71.6880       -28.4540        13.0230       -49.8170 
UPC1 UPC2 06 07 077 18410        -7.3540        -6.8388        -6.3500        -6.7901        -7.0187         0.0000        -0.0000        71.7160       -28.3730        13.0270       -49.8520 
UPC1 UPC2 06 07 077 18415        -7.4540        -6.8738        -6.2330        -6.8230        -7.0520         0.0000        -0.0000        71.7430       -28.2910        13.0310       -49.8860 
UPC1 UPC2 06 07 077 18420        -7.4870        -6.9029        -6.6530        -6.8489        -7.0851         0.0000         0.0000        71.7700       -28.2090        13.0350       -49.9210 
UPC1 UPC2 06 07 077 18425        -6.9420        -6.9419        -6.7500        -6.8848        -7.1181         0.0000        -0.0000        71.7980       -28.1270        13.0390       -49.9560 
UPC1 UPC2 06 07 077 18430        -6.8460        -6.9729        -6.6700        -6.9138        -7.1511         0.0000         0.0000        71.8250       -28.0450        13.0430       -49.9900 
UPC1 UPC2 06 07 077 18435        -6.8350        -7.0075        -6.7530        -6.9463        -7.1842         0.0000         0.0000        71.8520       -27.9630        13.0470       -50.0250 
UPC1 UPC2 06 07 077 18440        -7.4180        -7.0403        -6.9110        -6.9764        -7.2173         0.0000         0.0000        71.8800       -27.8800        13.0510       -50.0600 
UPC1 UPC2 06 07 077 18445        -6.9150        -7.0716        -6.6600        -7.0073        -7.2503         0.0000         0.0000        71.9070       -27.7970        13.0550       -50.0940 
UPC1 UPC2 06 07 077 18450        -6.6340        -7.1135        -6.4180        -7.0506        -7.2833         0.0000        -0.0000        71.9340       -27.7150        13.0590       -50.1290 
UPC1 UPC2 06 07 077 18455        -6.6020        -7.1426        -6.5480        -7.0818        -7.3163         0.0000         0.0000        71.9620       -27.6310        13.0630       -50.1640 
UPC1 UPC2 06 07 077 18460        -6.7200        -7.1741        -6.7780        -7.1142        -7.3492         0.0000         0.0000        71.9890       -27.5480        13.0670       -50.1980 
UPC1 UPC2 06 07 077 18465        -6.7910        -7.2036        -7.2880        -7.1455        -7.3823         0.0000        -0.0000        72.0160       -27.4650        13.0700       -50.2330 
UPC1 UPC2 06 07 077 18470        -6.6330        -7.2351        -7.6440        -7.1795        -7.4152         0.0000         0.0000        72.0430       -27.3810        13.0740       -50.2680 
UPC1 UPC2 06 07 077 18475        -6.3090        -7.2715        -7.9850        -7.2167        -7.4483         0.0000         0.0000        72.0710       -27.2970        13.0780       -50.3020 
UPC1 UPC2 06 07 077 18480        -5.9010        -7.2998        -8.0410        -7.2452        -7.4811         0.0000         0.0000        72.0980       -27.2130        13.0820       -50.3370 
UPC1 UPC2 06 07 077 18485        -5.8560        -7.3458        -8.4410        -7.2933        -7.5140         0.0000        -0.0000        72.1250       -27.1290        13.0850       -50.3720 
UPC1 UPC2 06 07 077 18490        -5.7230        -7.3715        -8.7120        -7.3189        -7.5470         0.0000         0.0000        72.1520       -27.0450        13.0890       -50.4070 
UPC1 UPC2 06 07 077 18495        -5.6140        -7.4021        -8.6760        -7.3504        -7.5798         0.0000         0.0000        72.1790       -26.9600        13.0920       -50.4410 
UPC1 UPC2 06 07 077 18500        -5.5300        -7.4386        -8.9850        -7.3861        -7.6127         0.0000         0.0000        72.2060       -26.8750        13.0960       -50.4760 
UPC1 UPC2 06 07 077 18505        -5.5960        -7.4724        -8.5990        -7.4200        -7.6456         0.0000         0.0000        72.2330       -26.7900        13.1000       -50.5110 
UPC1 UPC2 06 07 077 18510        -5.9230        -7.4998        -8.4970        -7.4485        -7.6785         0.0000         0.0000        72.2610       -26.7050        13.1030       -50.5460 
UPC1 UPC2 06 07 077 18515        -6.1140        -7.5323        -8.5580        -7.4794        -7.7113         0.0000         0.0000        72.2880       -26.6190        13.1070       -50.5800 
UPC1 UPC2 06 07 077 18520        -6.5840        -7.5704        -8.7440        -7.5155        -7.7441         0.0000         0.0000        72.3150       -26.5340        13.1100       -50.6150 
UPC1 UPC2 06 07 077 18525        -6.4820        -7.5914        -9.0170        -7.5358        -7.7769         0.0000        -0.0000        72.3420       -26.4480        13.1140       -50.6500 
UPC1 UPC2 06 07 077 18530        -6.9780        -7.6353        -9.0970        -7.5797        -7.8097         0.0000         0.0000        72.3690       -26.3620        13.1170       -50.6850 
UPC1 UPC2 06 07 077 18535        -7.3290        -7.6645        -9.3050        -7.6071        -7.8425         0.0000         0.0000        72.3960       -26.2760        13.1200       -50.7200 
UPC1 UPC2 06 07 077 18540        -7.6590        -7.6999        -8.9790        -7.6411        -7.8752         0.0000         0.0000        72.4230       -26.1900        13.1240       -50.7540 
UPC1 UPC2 06 07 077 18545        -8.3660        -7.7303        -8.7320        -7.6726        -7.9079         0.0000        -0.0000        72.4500       -26.1030        13.1270       -50.7890 
UPC1 UPC2 06 07 077 18550        -8.1820        -7.7538        -8.4680        -7.6993        -7.9409         0.0000        -0.0000        72.4770       -26.0160        13.1300       -50.8240 
UPC1 UPC2 06 07 077 18555        -8.2990        -7.7917        -8.5250        -7.7405        -7.9735         0.0000        -0.0000        72.5040       -25.9290        13.1340       -50.8590 
UPC1 UPC2 06 07 077 18560        -8.0670        -7.8255        -8.2480        -7.7762        -8.0062         0.0000        -0.0000        72.5300       -25.8420        13.1370       -50.8940 
UPC1 UPC2 06 07 077 18565        -7.5820        -7.8599        -8.2070        -7.8116        -8.0389         0.0000         0.0000        72.5570       -25.7550        13.1400       -50.9290 
UPC1 UPC2 06 07 077 18570        -7.4620        -7.8917        -7.7340        -7.8411        -8.0717         0.0000         0.0000        72.5840       -25.6670        13.1430       -50.9630 
UPC1 UPC2 06 07 077 18575        -7.6300        -7.9298        -7.9690        -7.8777        -8.1041         0.0000         0.0000        72.6110       -25.5790        13.1470       -50.9980 
UPC1 UPC2 06 07 077 18580        -7.7510        -7.9657        -8.2630        -7.9125        -8.1368         0.0000         0.0000        72.6380       -25.4910        13.1500       -51.0330 
UPC1 UPC2 06 07 077 18585        -7.9870        -7.9901        -8.4640        -7.9376        -8.1695         0.0000        -0.0000        72.6650       -25.4030        13.1530       -51.0680 
UPC1 UPC2 06 07 077 18590        -7.8060        -8.0196        -8.2660        -7.9662        -8.2022         0.0000        -0.0000        72.6910       -25.3140        13.1560       -51.1030 
UPC1 UPC2 06 07 077 18595        -7.8170        -8.0569        -8.3100        -8.0042        -8.2348         0.0000        -0.0000        72.7180       -25.2260        13.1590       -51.1380 
UPC1 UPC2 06 07 077 18600        -7.8510        -8.0893        -7.8740        -8.0358        -8.2673         0.0000         0.0000        72.7450       -25.1370        13.1620       -51.1730 
UPC1 UPC2 06 07 077 18605        -7.8050        -8.1246        -7.7720        -8.0719        -8.2999         0.0000        -0.0000        72.7720       -25.0480        13.1650       -51.2080 
UPC1 UPC2 06 07 077 18610        -7.5940        -8.1576        -7.8690        -8.1053        -8.3326         0.0000         0.0000        72.7980       -24.9580        13.1680       -51.2430 
UPC1 UPC2 06 07 077 18615        -7.6910        -8.1862        -7.7920        -8.1339        -8.3649         0.0000         0.0000        72.8250       -24.8690        13.1710       -51.2780 
UPC1 UPC2 06 07 077 18620        -7.7690        -8.2171        -7.9600        -8.1634        -8.3977         0.0000        -0.0000        72.8520       -24.7790        13.1740       -51.3120 
UPC1 UPC2 06 07 077 18625        -7.4340        -8.2475        -7.9430        -8.1910        -8.4300         0.0000         0.0000        72.8780       -24.6890        13.1770       -51.3470 
UPC1 UPC2 06 07 077 18630        -7.1260        -8.2838        -7.7370        -8.2256        -8.4626         0.0000         0.0000        72.9050       -24.5990        13.1790       -51.3820 
UPC1 UPC2 06 07 077 18635        -6.7430        -8.3191        -7.9600        -8.2567        -8.4951         0.0000         0.0000        72.9320       -24.5090        13.1820       -51.4170 
UPC1 UPC2 06 07 077 18640        -6.6210        -8.3522        -8.3360        -8.2902        -8.5276         0.0000        -0.0000        72.9580       -24.4180        13.1850       -51.4520 
UPC1 UPC2 06 07 077 18645        -6.8030        -8.3870        -8.5840        -8.3254        -8.5601         0.0000         0.0000        72.9850       -24.3270        13.1880       -51.4870 
UPC1 UPC2 06 07 077 18650        -7.2860        -8.4203        -8.5830        -8.3593        -8.5925         0.0000         0.0000        73.0110       -24.2360        13.1910       -51.5220 
UPC1 UPC2 06 07 077 18655        -7.3880        -8.4539        -8.5790        -8.3918        -8.6249         0.0000        -0.0000        73.0380       -24.1450        13.1930       -51.5570 
UPC1 UPC2 06 07 077 18660        -7.5560        -8.4659        -8.6100        -8.4050        -8.6573         0.0000         0.0000        73.0650       -24.0540        13.1960       -51.5920 
UPC1 UPC2 06 07 077 18665        -7.7180        -8.5100        -8.4100        -8.4489        -8.6897         0.0000        -0.0000        73.0910       -23.9620        13.1990       -51.6270 
UPC1 UPC2 06 07 077 18670        -7.6970        -8.5446        -8.5390        -8.4843        -8.7221         0.0000        -0.0000        73.1170       -23.8700        13.2010       -51.6620 
UPC1 UPC2 06 07 077 18675        -7.9140        -8.5822        -8.6940        -8.5215        -8.7545         0.0000        -0.0000        73.1440       -23.7780        13.2040       -51.6970 
UPC1 UPC2 06 07 077 18680        -7.8220        -8.6153        -8.7120        -8.5549        -8.7868         0.0000         0.0000        73.1700       -23.6860        13.2060       -51.7320 
UPC1 UPC2 06 07 077 18685        -8.2100        -8.6420        -8.8970        -8.5825        -8.8193         0.0000         0.0000        73.1970       -23.5930        13.2090       -51.7670 
UPC1 UPC2 06 07 077 18690        -8.1300        -8.6724        -8.9360        -8.6141        -8.8516         0.0000         0.0000        73.2230       -23.5000        13.2110       -51.8020 
UPC1 UPC2 06 07 077 18695        -8.8610        -8.7108        -8.9030        -8.6524        -8.8838         0.0000         0.0000        73.2490       -23.4070        13.2140       -51.8370 
UPC1 UPC2 06 07 077 18700        -8.9190        -8.7433        -8.7790        -8.6843        -8.9161         0.0000        -0.0000        73.2760       -23.3140        13.2160       -51.8720 
UPC1 UPC2 06 07 077 18705        -9.2630        -8.7765        -8.8340        -8.7154        -8.9483         0.0000        -0.0000        73.3020       -23.2200        13.2190       -51.9070 
UPC1 UPC2 06 07 077 18710        -9.6980        -8.8058        -8.8560        -8.7418        -8.9807         0.0000        -0.0000        73.3280       -23.1270        13.2210       -51.9420 
UPC1 UPC2 06 07 077 18715        -9.5700        -8.8447        -8.4830        -8.7790        -9.0130         0.0000        -0.0000        73.3550       -23.0330        13.2240       -51.9770 
UPC1 UPC2 06 07 077 18720        -9.3110        -8.8726        -8.4420        -8.8058        -9.0452         0.0000        -0.0000        73.3810       -22.9380        13.2260       -52.0130 
UPC1 UPC2 06 07 077 18725        -9.2930        -8.9061        -8.4850        -8.8377        -9.0774         0.0000         0.0000        73.4070       -22.8440        13.2280       -52.0480 
UPC1 UPC2 06 07 077 18730        -9.1560        -8.9322        -8.5110        -8.8655        -9.1096         0.0000         0.0000        73.4330       -22.7490        13.2310       -52.0830 
UPC1 UPC2 06 07 077 18735        -9.2160        -8.9653        -8.8030        -8.9026        -9.1417         0.0000        -0.0000        73.4600       -22.6540        13.2330       -52.1180 
UPC1 UPC2 06 07 077 18740        -9.1600        -9.0002        -8.9380        -8.9376        -9.1741         0.0000         0.0000        73.4860       -22.5590        13.2350       -52.1530 
UPC1 UPC2 06 07 077 18745        -9.1800        -9.0275        -9.4050        -8.9662        -9.2061         0.0000         0.0000        73.5120       -22.4640        13.2370       -52.1880 
UPC1 UPC2 06 07 077 18750        -9.3620        -9.0553        -9.8850        -8.9969        -9.2382         0.0000         0.0000        73.5380       -22.3680        13.2390       -52.2230 
UPC1 UPC2 06 07 077 18755        -9.3450        -9.0925       -10.0810        -9.0358        -9.2704         0.0000        -0.0000        73.5640       -22.2720        13.2420       -52.2580 
UPC1 UPC2 06 07 077 18760        -9.4630        -9.1336        -9.7780        -9.0761        -9.3026         0.0000         0.0000        73.5900       -22.1760        13.2440       -52.2930 
UPC1 UPC2 06 07 077 18765        -9.5960        -9.1663        -9.9040        -9.1073        -9.3347         0.0000         0.0000        73.6160       -22.0800        13.2460       -52.3280 
UPC1 UPC2 06 07 077 18770        -9.7560        -9.1930        -9.9760        -9.1322        -9.3668         0.0000         0.0000        73.6420       -21.9830        13.2480       -52.3640 
UPC1 UPC2 06 07 077 18775        -9.7010        -9.2311       -10.0540        -9.1706        -9.3989         0.0000        -0.0000        73.6680       -21.8870        13.2500       -52.3990 
UPC1 UPC2 06 07 077 18780        -9.7380        -9.2612       -10.2040        -9.1970        -9.4309         0.0000        -0.0000        73.6940       -21.7900        13.2520       -52.4340 
UPC1 UPC2 06 07 077 18785        -9.9670        -9.2881       -10.2600        -9.2224        -9.4629         0.0000        -0.0000        73.7200       -21.6920        13.2540       -52.4690 
UPC1 UPC2 06 07 077 18790        -9.9500        -9.3248       -10.4140        -9.2592        -9.4950         0.0000        -0.0000        73.7460       -21.5950        13.2560       -52.5040 
UPC1 UPC2 06 07 077 18795        -9.9130        -9.3512       -10.1150        -9.2849        -9.5270         0.0000         0.0000        73.7720       -21.4970        13.2580       -52.5390 
UPC1 UPC2 06 07 077 18800        -9.8690        -9.3779       -10.2150        -9.3123        -9.5589         0.0000        -0.0000        73.7980       -21.3990        13.2600       -52.5750 
UPC1 UPC2 06 07 077 18805        -9.7910        -9.4150       -10.5890        -9.3502        -9.5910         0.0000        -0.0000        73.8240       -21.3010        13.2610       -52.6100 
UPC1 UPC2 06 07 077 18810        -9.6920        -9.4375       -10.0380        -9.3746        -9.6229         0.0000         0.0000        73.8500       -21.2020        13.2630       -52.6450 
UPC1 UPC2 06 07 077 18815        -9.2990        -9.4732       -10.2950        -9.4134        -9.6549         0.0000        -0.0000        73.8750       -21.1030        13.2650       -52.6800 
UPC1 UPC2 06 07 077 18820        -9.2240        -9.5118       -10.5790        -9.4532        -9.6868         0.0000         0.0000        73.9010       -21.0040        13.2670       -52.7150 
UPC1 UPC2 06 07 077 18825        -9.0800        -9.5421       -10.6710        -9.4825        -9.7187         0.0000         0.0000        73.9270       -20.9050        13.2690       -52.7500 
UPC1 UPC2 06 07 077 18830        -9.1250        -9.5743       -10.1280        -9.5120        -9.7507         0.0000        -0.0000        73.9530       -20.8050        13.2700       -52.7860 
UPC1 UPC2 06 07 077 18835        -9.1470        -9.6021       -10.3390        -9.5413        -9.7825         0.0000         0.0000        73.9780       -20.7060        13.2720       -52.8210 
UPC1 UPC2 06 07 077 18840        -9.2350        -9.6334       -10.3830        -9.5733        -9.8143         0.0000         0.0000        74.0040       -20.6050        13.2740       -52.8560 
UPC1 UPC2 06 07 077 18845        -9.3530        -9.6694       -10.6970        -9.6100        -9.8462         0.0000         0.0000        74.0300       -20.5050        13.2750       -52.8910 
UPC1 UPC2 06 07 077 18850        -9.3510        -9.6998       -10.7040        -9.6387        -9.8779         0.0000         0.0000        74.0550       -20.4050        13.2770       -52.9260 
UPC1 UPC2 06 07 077 18855        -9.4120        -9.7344       -10.7450        -9.6725        -9.9099         0.0000         0.0000        74.0810       -20.3040        13.2780       -52.9620 
UPC1 UPC2 06 07 077 18860        -9.4830        -9.7668       -10.6210        -9.7017        -9.9416         0.0000        -0.0000        74.1060       -20.2030        13.2800       -52.9970 
UPC1 UPC2 06 07 077 18865        -9.4830        -9.7930       -10.1260        -9.7289        -9.9734         0.0000        -0.0000        74.1320       -20.1010        13.2810       -53.0320 
UPC1 UPC2 06 07 077 18870        -9.8200        -9.8225       -10.1430        -9.7589       -10.0051         0.0000         0.0000        74.1570       -20.0000        13.2830       -53.0670 
UPC1 UPC2 06 07 077 18875        -9.6710        -9.8550       -10.3030        -9.7941       -10.0369         0.0000        -0.0000        74.1830       -19.8980        13.2840       -53.1030 
UPC1 UPC2 06 07 077 18880        -9.7020        -9.8820       -10.2890        -9.8253       -10.0687         0.0000        -0.0000        74.2080       -19.7960        13.2860       -53.1380 
UPC1 UPC2 06 07 077 18885        -9.9160        -9.9153       -10.1050        -9.8607       -10.1004         0.0000         0.0000        74.2340       -19.6930        13.2870       -53.1730 
UPC1 UPC2 06 07 077 18890        -9.7690        -9.9434       -10.0570        -9.8888       -10.1321         0.0000         0.0000        74.2590       -19.5910        13.2890       -53.2080 
UPC1 UPC2 06 07 077 18895       -10.3180        -9.9773        -9.9260        -9.9225       -10.1639         0.0000         0.0000        74.2850       -19.4880        13.2900       -53.2440 
UPC1 UPC2 06 07 077 18900       -10.6460       -10.0089        -9.9940        -9.9542       -10.1956         0.0000         0.0000        74.3100       -19.3840        13.2910       -53.2790 
UPC1 UPC2 06 07 077 18905       -10.9020       -10.0403        -9.9880        -9.9839       -10.2271         0.0000         0.0000        74.3350       -19.2810        13.2930       -53.3140 
UPC1 UPC2 06 07 077 18910       -11.0360       -10.0758       -10.1410       -10.0170       -10.2587         0.0000        -0.0000        74.3610       -19.1770        13.2940       -53.3500 
UPC1 UPC2 06 07 077 18915       -11.1620       -10.1189       -10.1970       -10.0573       -10.2904         0.0000         0.0000        74.3860       -19.0730        13.2950       -53.3850 
UPC1 UPC2 06 07 077 18920       -11.2880       -10.1431       -10.2570       -10.0806       -10.3221         0.0000         0.0000        74.4110       -18.9690        13.2960       -53.4200 
UPC1 UPC2 06 07 077 18925       -11.3090       -10.1693       -10.1520       -10.1066       -10.3536         0.0000        -0.0000        74.4360       -18.8640        13.2970       -53.4560 
UPC1 UPC2 06 07 077 18930       -11.3760       -10.1988       -10.4160       -10.1342       -10.3853         0.0000         0.0000        74.4610       -18.7590        13.2990       -53.4910 
UPC1 UPC2 06 07 077 18935       -11.6310       -10.2340       -10.2950       -10.1716       -10.4168         0.0000        -0.0000        74.4870       -18.6540        13.3000       -53.5260 
UPC1 UPC2 06 07 077 18940       -11.6820       -10.2615       -10.6870       -10.1988       -10.4483         0.0000        -0.0000        74.5120       -18.5490        13.3010       -53.5610 
UPC1 UPC2 06 07 077 18945       -11.9300       -10.2961       -10.8370       -10.2349       -10.4799         0.0000         0.0000        74.5370       -18.4430        13.3020       -53.5970 
UPC1 UPC2 06 07 077 18950       -12.1240       -10.3314       -10.7480       -10.2715       -10.5113         0.0000        -0.0000        74.5620       -18.3370        13.3030       -53.6320 
UPC1 UPC2 06 07 077 18955       -12.0730       -10.3612       -10.7020       -10.3020       -10.5429         0.0000         0.0000        74.5870       -18.2310        13.3040       -53.6670 
UPC1 UPC2 06 07 077 18960       -12.1780       -10.3995       -10.9350       -10.3413       -10.5743         0.0000        -0.0000        74.6120       -18.1240        13.3050       -53.7030 
UPC1 UPC2 06 07 077 18965       -12.1670       -10.4201       -10.7830       -10.3641       -10.6057         0.0000        -0.0000        74.6370       -18.0180        13.3060       -53.7380 
UPC1 UPC2 06 07 077 18970       -12.4790       -10.4519       -10.8810       -10.3967       -10.6372         0.0000         0.0000        74.6620       -17.9110        13.3070       -53.7730 
UPC1 UPC2 06 07 077 18975       -12.5110       -10.4853       -10.7190       -10.4299       -10.6687         0.0000         0.0000        74.6870       -17.8030        13.3080       -53.8090 
UPC1 UPC2 06 07 077 18980       -12.5840       -10.5200       -10.8050       -10.4634       -10.7002         0.0000         0.0000        74.7120       -17.6960        13.3080       -53.8440 
UPC1 UPC2 06 07 077 18985       -12.6450       -10.5596       -10.4760       -10.5006       -10.7314         0.0000        -0.0000        74.7370       -17.5880        13.3090       -53.8800 
UPC1 UPC2 06 07 077 18990       -12.6510       -10.5855       -10.4170       -10.5252       -10.7628         0.0000         0.0000        74.7610       -17.4790        13.3100       -53.9150 
UPC1 UPC2 06 07 077 18995       -12.9190       -10.6171       -10.4540       -10.5557       -10.7942         0.0000         0.0000        74.7860       -17.3710        13.3110       -53.9500 
UPC1 UPC2 06 07 077 19000       -13.1950       -10.6516       -10.4560       -10.5883       -10.8255         0.0000         0.0000        74.8110       -17.2620        13.3120       -53.9860 
UPC1 UPC2 06 07 077 19005       -13.2700       -10.6806       -10.4480       -10.6154       -10.8569         0.0000        -0.0000        74.8360       -17.1530        13.3120       -54.0210 
UPC1 UPC2 06 07 077 19010       -13.2530       -10.7126       -10.3990       -10.6461       -10.8881         0.0000         0.0000        74.8600       -17.0440        13.3130       -54.0560 
UPC1 UPC2 06 07 077 19015       -13.2800       -10.7472       -10.5010       -10.6793       -10.9195         0.0000         0.0000        74.8850       -16.9340        13.3140       -54.0920 
UPC1 UPC2 06 07 077 19020       -12.9290       -10.7770       -10.2580       -10.7089       -10.9508         0.0000         0.0000        74.9100       -16.8240        13.3140       -54.1270 
UPC1 UPC2 06 07 077 19025       -12.5600       -10.8125       -10.4130       -10.7428       -10.9820         0.0000        -0.0000        74.9340       -16.7140        13.3150       -54.1630 
UPC1 UPC2 06 07 077 19030       -12.7220       -10.8347       -10.6700       -10.7621       -11.0134         0.0000         0.0000        74.9590       -16.6030        13.3160       -54.1980 
UPC1 UPC2 06 07 077 19035       -12.4290       -10.8667       -10.4700       -10.7939       -11.0445         0.0000         0.0000        74.9830       -16.4920        13.3160       -54.2330 
UPC1 UPC2 06 07 077 19040       -11.8050       -10.8961       -10.8980       -10.8266       -11.0757         0.0000        -0.0000        75.0080       -16.3810        13.3170       -54.2690 
UPC1 UPC2 06 07 077 19045       -11.5220       -10.9321       -10.6810       -10.8638       -11.1069         0.0000        -0.0000        75.0320       -16.2700        13.3170       -54.3040 
UPC1 UPC2 06 07 077 19050       -11.2580       -10.9567       -10.6930       -10.8886       -11.1380         0.0000        -0.0000        75.0570       -16.1580        13.3180       -54.3400 
UPC1 UPC2 06 07 077 19055       -10.9840       -10.9887       -10.8260       -10.9235       -11.1693         0.0000        -0.0000        75.0810       -16.0460        13.3180       -54.3750 
UPC1 UPC2 06 07 077 19060       -10.8450       -11.0132       -11.1800       -10.9484       -11.2005         0.0000        -0.0000        75.1050       -15.9330        13.3180       -54.4110 
UPC1 UPC2 06 07 077 19065       -11.1240       -11.0500       -11.2590       -10.9870       -11.2316         0.0000        -0.0000        75.1300       -15.8210        13.3190       -54.4460 
UPC1 UPC2 06 07 077 19070       -11.0760       -11.0838       -11.3530       -11.0230       -11.2628         0.0000         0.0000        75.1540       -15.7080        13.3190       -54.4810 
UPC1 UPC2 06 07 077 19075       -11.1860       -11.1167       -10.7600       -11.0574       -11.2937         0.0000         0.0000        75.1780       -15.5940        13.3200       -54.5170 
UPC1 UPC2 06 07 077 19080       -10.5660       -11.1414       -10.5440       -11.0835       -11.3248         0.0000        -0.0000        75.2030       -15.4810        13.3200       -54.5520 
UPC1 UPC2 06 07 077 19085       -10.4410       -11.1769       -10.4140       -11.1202       -11.3558         0.0000        -0.0000        75.2270       -15.3670        13.3200       -54.5880 
UPC1 UPC2 06 07 077 19090       -10.8740       -11.2117       -10.5950       -11.1561       -11.3869        -0.0000        -0.0000        75.2510       -15.2530        13.3200       -54.6230 
UPC1 UPC2 06 07 077 19095       -11.1450       -11.2344       -10.5080       -11.1793       -11.4180         0.0000        -0.0000        75.2750       -15.1380        13.3210       -54.6590 
UPC1 UPC2 06 07 077 19100       -11.5640       -11.2658       -10.3100       -11.2114       -11.4490         0.0000         0.0000        75.2990       -15.0230        13.3210       -54.6940 
UPC1 UPC2 06 07 077 19105       -11.4030       -11.2952       -10.9200       -11.2426       -11.4799         0.0000        -0.0000        75.3230       -14.9080        13.3210       -54.7300 
UPC1 UPC2 06 07 077 19110       -11.4740       -11.3299       -10.8480       -11.2788       -11.5109         0.0000        -0.0000        75.3470       -14.7930        13.3210       -54.7650 
UPC1 UPC2 06 07 077 19115       -11.4660       -11.3621       -10.9420       -11.3091       -11.5419        -0.0000        -0.0000        75.3710       -14.6770        13.3210       -54.8010 
UPC1 UPC2 06 07 077 19120       -11.7450       -11.3904       -11.3030       -11.3377       -11.5728         0.0000        -0.0000        75.3950       -14.5610        13.3210       -54.8360 
UPC1 UPC2 06 07 077 19125       -11.9540       -11.4226       -11.1070       -11.3697       -11.6038         0.0000        -0.0000        75.4190       -14.4440        13.3210       -54.8720 
UPC1 UPC2 06 07 077 19130       -11.9970       -11.4457       -11.4090       -11.3939       -11.6347         0.0000        -0.0000        75.4430       -14.3280        13.3210       -54.9070 
UPC1 UPC2 06 07 077 19135       -12.6230       -11.4771       -11.3810       -11.4259       -11.6655         0.0000        -0.0000        75.4670       -14.2110        13.3210       -54.9430 
UPC1 UPC2 06 07 077 19140       -12.5810       -11.5141       -11.5840       -11.4628       -11.6965         0.0000        -0.0000        75.4910       -14.0930        13.3210       -54.9780 
UPC1 UPC2 06 07 077 19145       -12.8510       -11.5459       -11.5170       -11.4959       -11.7272         0.0000        -0.0000        75.5140       -13.9760        13.3210       -55.0140 
UPC1 UPC2 06 07 077 19150       -12.6470       -11.5749       -11.2590       -11.5244       -11.7582         0.0000        -0.0000        75.5380       -13.8580        13.3210       -55.0490 
UPC1 UPC2 06 07 077 19155       -12.8290       -11.6050       -11.5320       -11.5521       -11.7889        -0.0000        -0.0000        75.5620       -13.7390        13.3210       -55.0850 
UPC1 UPC2 06 07 077 19160       -13.0380       -11.6385       -11.4190       -11.5831       -11.8197        -0.0000         0.0000        75.5850       -13.6210        13.3210       -55.1200 
UPC1 UPC2 06 07 077 19165       -12.3340       -11.6681       -11.5680       -11.6135       -11.8504         0.0000        -0.0000        75.6090       -13.5020        13.3210       -55.1560 
UPC1 UPC2 06 07 077 19170       -12.0630       -11.6939       -11.6900       -11.6408       -11.8813         0.0000        -0.0000        75.6330       -13.3820        13.3200       -55.1910 
UPC1 UPC2 06 07 077 19175       -12.1100       -11.7213       -12.0620       -11.6716       -11.9121         0.0000        -0.0000        75.6560       -13.2630        13.3200       -55.2270 
UPC1 UPC2 06 07 077 19180       -12.0120       -11.7571       -11.9280       -11.7087       -11.9427        -0.0000         0.0000        75.6800       -13.1430        13.3200       -55.2620 
UPC1 UPC2 06 07 077 19185       -11.8280       -11.7876       -11.9380       -11.7382       -11.9734        -0.0000        -0.0000        75.7030       -13.0220        13.3200       -55.2980 
UPC1 UPC2 06 07 077 19190       -11.8540       -11.8186       -11.8170       -11.7710       -12.0042         0.0000        -0.0000        75.7270       -12.9020        13.3190       -55.3330 
UPC1 UPC2 06 07 077 19195       -11.7810       -11.8461       -11.6210       -11.7970       -12.0348        -0.0000         0.0000        75.7500       -12.7810        13.3190       -55.3690 
UPC1 UPC2 06 07 077 19200       -11.6610       -11.8789       -11.4610       -11.8295       -12.0655        -0.0000        -0.0000        75.7730       -12.6590        13.3180       -55.4040 
UPC1 UPC2 06 07 077 19205       -11.8370       -11.9141       -11.4130       -11.8655       -12.0962         0.0000        -0.0000        75.7970       -12.5380        13.3180       -55.4400 
UPC1 UPC2 06 07 077 19210       -11.5570       -11.9477       -11.8420       -11.8972       -12.1268        -0.0000        -0.0000        75.8200       -12.4160        13.3180       -55.4750 
UPC1 UPC2 06 07 077 19215       -11.3740       -11.9798       -12.0840       -11.9285       -12.1574         0.0000        -0.0000        75.8430       -12.2940        13.3170       -55.5110 
UPC1 UPC2 06 07 077 19220       -10.8810       -12.0074       -12.0650       -11.9563       -12.1879        -0.0000         0.0000        75.8660       -12.1710        13.3170       -55.5460 
UPC1 UPC2 06 07 077 19225       -11.2030       -12.0368       -11.9950       -11.9827       -12.2185         0.0000        -0.0000        75.8890       -12.0480        13.3160       -55.5820 
UPC1 UPC2 06 07 077 19230       -11.8080       -12.0654       -12.0020       -12.0117       -12.2491        -0.0000        -0.0000        75.9130       -11.9250        13.3160       -55.6180 
UPC1 UPC2 06 07 077 19235       -11.9310       -12.0977       -12.0400       -12.0447       -12.2796         0.0000         0.0000        75.9360       -11.8010        13.3150       -55.6530 
UPC1 UPC2 06 07 077 19240       -11.7970       -12.1261       -11.9240       -12.0720       -12.3101        -0.0000        -0.0000        75.9590       -11.6770        13.3140       -55.6890 
UPC1 UPC2 06 07 077 19245       -11.5740       -12.1543       -12.1410       -12.1008       -12.3407        -0.0000        -0.0000        75.9820       -11.5520        13.3140       -55.7240 
UPC1 UPC2 06 07 077 19250       -12.0960       -12.1954       -12.1000       -12.1414       -12.3711         0.0000        -0.0000        76.0050       -11.4280        13.3130       -55.7600 
UPC1 UPC2 06 07 077 19255       -11.9210       -12.2212       -11.9180       -12.1653       -12.4016        -0.0000        -0.0000        76.0270       -11.3030        13.3120       -55.7950 
UPC1 UPC2 06 07 077 19260       -11.7990       -12.2490       -11.9630       -12.1904       -12.4320        -0.0000        -0.0000        76.0500       -11.1770        13.3120       -55.8310 
UPC1 UPC2 06 07 077 19265       -12.4630       -12.2747       -12.2330       -12.2166       -12.4624         0.0000        -0.0000        76.0730       -11.0510        13.3110       -55.8670 
UPC1 UPC2 06 07 077 19270       -13.0300       -12.3015       -12.6110       -12.2453       -12.4929         0.0000        -0.0000        76.0960       -10.9250        13.3100       -55.9020 
UPC1 UPC2 06 07 077 19275       -12.9370       -12.3384       -12.3410       -12.2831       -12.5233        -0.0000        -0.0000        76.1190       -10.7990        13.3090       -55.9380 
UPC1 UPC2 06 07 077 19280       -13.3960       -12.3769       -12.1460       -12.3206       -12.5536        -0.0000        -0.0000        76.1410       -10.6720        13.3090       -55.9730 
UPC1 UPC2 06 07 077 19285       -13.3760       -12.4015       -11.5030       -12.3451       -12.5839        -0.0000         0.0000        76.1640       -10.5450        13.3080       -56.0090 
UPC1 UPC2 06 07 077 19290       -13.2070       -12.4323       -11.6350       -12.3785       -12.6143        -0.0000        -0.0000        76.1870       -10.4170        13.3070       -56.0450 
UPC1 UPC2 06 07 077 19295       -13.1160       -12.4629       -11.7340       -12.4085       -12.6447        -0.0000        -0.0000        76.2090       -10.2890        13.3060       -56.0800 
UPC1 UPC2 06 07 077 19300       -13.0220       -12.5000       -11.6770       -12.4433       -12.6750        -0.0000        -0.0000        76.2320       -10.1610        13.3050       -56.1160 
UPC1 UPC2 06 07 077 19305       -12.8550       -12.5360       -11.7750       -12.4779       -12.7054        -0.0000         0.0000        76.2540       -10.0330        13.3040       -56.1510 
UPC1 UPC2 06 07 077 19310       -12.2610       -12.5565       -12.1320       -12.4991       -12.7355        -0.0000        -0.0000        76.2760        -9.9040        13.3030       -56.1870 
UPC1 UPC2 06 07 077 19315       -12.0170       -12.5852       -12.6280       -12.5287       -12.7658        -0.0000        -0.0000        76.2990        -9.7740        13.3020       -56.2230 
UPC1 UPC2 06 07 077 19320       -12.5320       -12.6188       -12.8130       -12.5620       -12.7960        -0.0000        -0.0000        76.3210        -9.6450        13.3010       -56.2580 
UPC1 UPC2 06 07 077 19325       -12.7220       -12.6500       -12.8120       -12.5941       -12.8263        -0.0000        -0.0000        76.3430        -9.5150        13.3000       -56.2940 
UPC1 UPC2 06 07 077 19330       -12.3310       -12.6770       -13.3560       -12.6222       -12.8564        -0.0000        -0.0000        76.3660        -9.3840        13.2990       -56.3290 
UPC1 UPC2 06 07 077 19335       -12.1920       -12.7082       -13.4270       -12.6577       -12.8866        -0.0000        -0.0000        76.3880        -9.2530        13.2980       -56.3650 
UPC1 UPC2 06 07 077 19340       -11.7760       -12.7266       -13.4360       -12.6774       -12.9167         0.0000        -0.0000        76.4100        -9.1220        13.2960       -56.4010 
UPC1 UPC2 06 07 077 19345       -11.5600       -12.7682       -13.2210       -12.7203       -12.9468        -0.0000        -0.0000        76.4320        -8.9910        13.2950       -56.4360 
UPC1 UPC2 06 07 077 19350       -11.5020       -12.7964       -13.5230       -12.7475       -12.9769        -0.0000        -0.0000        76.4540        -8.8590        13.2940       -56.4720 
UPC1 UPC2 06 07 077 19355       -11.7900       -12.8243       -13.4920       -12.7768       -13.0071        -0.0000         0.0000        76.4760        -8.7270        13.2930       -56.5080 
UPC1 UPC2 06 07 077 19360       -11.7980       -12.8556       -13.6090       -12.8074       -13.0371        -0.0000        -0.0000        76.4980        -8.5940        13.2910       -56.5430 
UPC1 UPC2 06 07 077 19365       -11.3770       -12.8882       -13.2770       -12.8387       -13.0672        -0.0000        -0.0000        76.5200        -8.4610        13.2900       -56.5790 
UPC1 UPC2 06 07 077 19370       -11.0290       -12.9109       -12.7760       -12.8601       -13.0973        -0.0000         0.0000        76.5420        -8.3280        13.2890       -56.6140 
UPC1 UPC2 06 07 077 19375       -10.9940       -12.9540       -13.1060       -12.9011       -13.1273        -0.0000        -0.0000        76.5640        -8.1940        13.2870       -56.6500 
UPC1 UPC2 06 07 077 19380       -11.3040       -12.9812       -13.2800       -12.9292       -13.1574        -0.0000        -0.0000        76.5850        -8.0600        13.2860       -56.6860 
UPC1 UPC2 06 07 077 19385       -11.6520       -13.0093       -13.3360       -12.9552       -13.1873        -0.0000        -0.0000        76.6070        -7.9260        13.2850       -56.7210 
UPC1 UPC2 06 07 077 19390       -11.3970       -13.0363       -13.5330       -12.9815       -13.2172        -0.0000        -0.0000        76.6290        -7.7910        13.2830       -56.7570 
UPC1 UPC2 06 07 077 19395       -11.5180       -13.0658       -13.8790       -13.0117       -13.2472        -0.0000         0.0000        76.6500        -7.6550        13.2820       -56.7930 
UPC1 UPC2 06 07 077 19400       -11.7490       -13.0962       -13.9460       -13.0450       -13.2771        -0.0000        -0.0000        76.6720        -7.5200        13.2800       -56.8280 
UPC1 UPC2 06 07 077 19405       -11.5600       -13.1219       -13.8600       -13.0696       -13.3071        -0.0000        -0.0000        76.6940        -7.3840        13.2790       -56.8640 
UPC1 UPC2 06 07 077 19410       -11.4510       -13.1544       -14.0130       -13.1049       -13.3369        -0.0000         0.0000        76.7150        -7.2480        13.2770       -56.9000 
UPC1 UPC2 06 07 077 19415       -11.5500       -13.1794       -14.2350       -13.1336       -13.3668        -0.0000        -0.0000        76.7360        -7.1110        13.2760       -56.9350 
UPC1 UPC2 06 07 077 19420       -11.8330       -13.2130       -14.1930       -13.1698       -13.3966        -0.0000        -0.0000        76.7580        -6.9740        13.2740       -56.9710 
UPC1 UPC2 06 07 077 19425       -11.5800       -13.2400       -13.8260       -13.1969       -13.4265        -0.0000        -0.0000        76.7790        -6.8360        13.2720       -57.0070 
UPC1 UPC2 06 07 077 19430       -11.9970       -13.2690       -13.8700       -13.2261       -13.4564        -0.0000        -0.0000        76.8000        -6.6980        13.2710       -57.0420 
UPC1 UPC2 06 07 077 19435       -12.2350       -13.3069       -13.4440       -13.2619       -13.4861        -0.0000        -0.0000        76.8220        -6.5600        13.2690       -57.0780 
UPC1 UPC2 06 07 077 19440       -12.1590       -13.3409       -13.7680       -13.2946       -13.5159        -0.0000         0.0000        76.8430        -6.4210        13.2670       -57.1140 
UPC1 UPC2 06 07 077 19445       -12.1390       -13.3665       -13.7970       -13.3185       -13.5457        -0.0000         0.0000        76.8640        -6.2820        13.2650       -57.1490 
UPC1 UPC2 06 07 077 19450       -12.3530       -13.3906       -13.4680       -13.3425       -13.5754        -0.0000        -0.0000        76.8850        -6.1430        13.2640       -57.1850 
UPC1 UPC2 06 07 077 19455       -12.7420       -13.4262       -13.3830       -13.3740       -13.6051        -0.0000         0.0000        76.9060        -6.0030        13.2620       -57.2210 
UPC1 UPC2 06 07 077 19460       -12.9000       -13.4557       -13.2080       -13.4040       -13.6348        -0.0000        -0.0000        76.9270        -5.8630        13.2600       -57.2560 
UPC1 UPC2 06 07 077 19465       -13.1470       -13.4854       -13.3450       -13.4350       -13.6646        -0.0000        -0.0000        76.9480        -5.7220        13.2580       -57.2920 
UPC1 UPC2 06 07 077 19470       -13.0590       -13.5144       -13.4890       -13.4650       -13.6942        -0.0000        -0.0000        76.9690        -5.5810        13.2560       -57.3280 
UPC1 UPC2 06 07 077 19475       -12.8690       -13.5444       -13.2280       -13.4958       -13.7239        -0.0000        -0.0000        76.9890        -5.4400        13.2540       -57.3630 
UPC1 UPC2 06 07 077 19480       -13.0040       -13.5732       -13.0160       -13.5256       -13.7535        -0.0000        -0.0000        77.0100        -5.2980        13.2520       -57.3990 
UPC1 UPC2 06 07 077 19485       -13.0900       -13.6033       -13.2910       -13.5556       -13.7831        -0.0000        -0.0000        77.0310        -5.1560        13.2500       -57.4350 
UPC1 UPC2 06 07 077 19490       -13.1380       -13.6350       -13.5520       -13.5868       -13.8127        -0.0000         0.0000        77.0510        -5.0130        13.2480       -57.4700 
UPC1 UPC2 06 07 077 19495       -13.1170       -13.6639       -13.6490       -13.6164       -13.8423        -0.0000        -0.0000        77.0720        -4.8700        13.2460       -57.5060 
UPC1 UPC2 06 07 077 19500       -13.1260       -13.6934       -13.7240       -13.6442       -13.8718        -0.0000        -0.0000        77.0920        -4.7270        13.2440       -57.5420 
UPC1 UPC2 06 07 077 19505       -13.4460       -13.7192       -13.9670       -13.6694       -13.9014        -0.0000        -0.0000        77.1130        -4.5830        13.2420       -57.5770 
UPC1 UPC2 06 07 077 19510       -13.2760       -13.7510       -13.7160       -13.6996       -13.9310        -0.0000         0.0000        77.1330        -4.4390        13.2400       -57.6130 
UPC1 UPC2 06 07 077 19515       -13.1940       -13.7815       -13.8410       -13.7290       -13.9604        -0.0000        -0.0000        77.1540        -4.2940        13.2380       -57.6490 
UPC1 UPC2 06 07 077 19520       -12.9540       -13.8073       -14.2610       -13.7549       -13.9899        -0.0000        -0.0000        77.1740        -4.1490        13.2360       -57.6840 
UPC1 UPC2 06 07 077 19525       -12.8230       -13.8384       -14.2840       -13.7847       -14.0194        -0.0000        -0.0000        77.1940        -4.0040        13.2340       -57.7200 
UPC1 UPC2 06 07 077 19530       -12.7580       -13.8690       -14.5160       -13.8183       -14.0488        -0.0000         0.0000        77.2140        -3.8580        13.2310       -57.7560 
UPC1 UPC2 06 07 077 19535       -13.0020       -13.8980       -14.8280       -13.8500       -14.0782        -0.0000        -0.0000        77.2340        -3.7120        13.2290       -57.7910 
UPC1 UPC2 06 07 077 19540       -12.9300       -13.9236       -14.8910       -13.8762       -14.1075        -0.0000        -0.0000        77.2550        -3.5650        13.2270       -57.8270 
UPC1 UPC2 06 07 077 19545       -12.7790       -13.9534       -14.9060       -13.9071       -14.1370        -0.0000        -0.0000        77.2750        -3.4180        13.2250       -57.8630 
UPC1 UPC2 06 07 077 19550       -13.2270       -13.9834       -14.9760       -13.9363       -14.1663        -0.0000        -0.0000        77.2940        -3.2710        13.2220       -57.8990 
UPC1 UPC2 06 07 077 19555       -13.3820       -14.0054       -14.9910       -13.9586       -14.1958        -0.0000        -0.0000        77.3140        -3.1230        13.2200       -57.9340 
UPC1 UPC2 06 07 077 19560       -13.6730       -14.0432       -14.7900       -13.9974       -14.2250        -0.0000        -0.0000        77.3340        -2.9750        13.2180       -57.9700 
UPC1 UPC2 06 07 077 19565       -13.7250       -14.0759       -14.5520       -14.0289       -14.2544        -0.0000        -0.0000        77.3540        -2.8260        13.2150       -58.0060 
UPC1 UPC2 06 07 077 19570       -14.0110       -14.1041       -14.4270       -14.0543       -14.2837        -0.0000        -0.0000        77.3740        -2.6770        13.2130       -58.0410 
UPC1 UPC2 06 07 077 19575       -14.1530       -14.1283       -14.2170       -14.0781       -14.3129        -0.0000         0.0000        77.3930        -2.5280        13.2100       -58.0770 
UPC1 UPC2 06 07 077 19580       -14.4200       -14.1589       -14.5390       -14.1071       -14.3421        -0.0000        -0.0000        77.4130        -2.3780        13.2080       -58.1130 
UPC1 UPC2 06 07 077 19585       -14.5060       -14.1918       -14.2390       -14.1380       -14.3715        -0.0000         0.0000        77.4320        -2.2270        13.2050       -58.1480 
UPC1 UPC2 06 07 077 19590       -14.4960       -14.2263       -14.1020       -14.1698       -14.4006        -0.0000        -0.0000        77.4520        -2.0770        13.2030       -58.1840 
UPC1 UPC2 06 07 077 19595       -14.5560       -14.2520       -13.7850       -14.1928       -14.4298        -0.0000        -0.0000        77.4710        -1.9260        13.2000       -58.2200 
UPC1 UPC2 06 07 077 19600       -15.0740       -14.2789       -13.8570       -14.2213       -14.4589        -0.0000         0.0000        77.4910        -1.7740        13.1970       -58.2560 
UPC1 UPC2 06 07 077 19605       -15.1680       -14.3031       -13.9690       -14.2448       -14.4881        -0.0000        -0.0000        77.5100        -1.6220        13.1950       -58.2910 
UPC1 UPC2 06 07 077 19610       -14.9400       -14.3349       -14.1170       -14.2798       -14.5172        -0.0000        -0.0000        77.5290        -1.4700        13.1920       -58.3270 
UPC1 UPC2 06 07 077 19615       -15.2180       -14.3626       -14.3250       -14.3097       -14.5463        -0.0000        -0.0000        77.5480        -1.3170        13.1890       -58.3630 
UPC1 UPC2 06 07 077 19620       -15.5200       -14.3933       -14.4010       -14.3439       -14.5754        -0.0000        -0.0000        77.5670        -1.1640        13.1870       -58.3980 
UPC1 UPC2 06 07 077 19625       -15.7120       -14.4173       -14.3390       -14.3707       -14.6044        -0.0000        -0.0000        77.5860        -1.0100        13.1840       -58.4340 
UPC1 UPC2 06 07 077 19630       -16.0880       -14.4472       -14.2760       -14.4025       -14.6336        -0.0000         0.0000        77.6050        -0.8560        13.1810       -58.4700 
UPC1 UPC2 06 07 077 19635       -16.4490       -14.4766       -14.1840       -14.4327       -14.6626        -0.0000        -0.0000        77.6240        -0.7020        13.1780       -58.5060 
UPC1 UPC2 06 07 077 19640       -16.6960       -14.5057       -14.4640       -14.4626       -14.6915        -0.0000        -0.0000        77.6430        -0.5470        13.1750       -58.5410 
UPC1 UPC2 06 07 077 19645       -16.8670       -14.5299       -14.7320       -14.4867       -14.7206        -0.0000        -0.0000        77.6620        -0.3920        13.1730       -58.5770 
UPC1 UPC2 06 07 077 19650       -17.3840       -15.1253       -15.3450       -15.0809       -15.3125        -0.0000        -0.0000        77.6810        -0.2360        13.1700       -58.6130 
UPC1 UPC2 06 07 077 19655       -17.3880       -15.1548       -15.2200       -15.1107       -15.3427        -0.0000        -0.0000        77.6990        -0.0800        13.1670       -58.6480 
UPC1 UPC2 06 07 077 19660       -17.4020       -15.1872       -15.2770       -15.1418       -15.3728        -0.0000        -0.0000        77.7180         0.0770        13.1640       -58.6840 
UPC1 UPC2 06 07 077 19665       -17.6570       -15.2170       -15.3770       -15.1719       -15.4029        -0.0000        -0.0000        77.7360         0.2340        13.1610       -58.7200 
UPC1 UPC2 06 07 077 19670       -17.6370       -15.2537       -15.2430       -15.2070       -15.4331        -0.0000        -0.0000        77.7550         0.3910        13.1580       -58.7560 
UPC1 UPC2 06 07 077 19675       -17.8120       -15.2735       -15.1770       -15.2232       -15.4632        -0.0000        -0.0000        77.7730         0.5490        13.1550       -58.7910 
UPC1 UPC2 06 07 077 19680       -17.6800       -15.3106       -15.1250       -15.2575       -15.4933        -0.0000        -0.0000        77.7910         0.7070        13.1520       -58.8270 
UPC1 UPC2 06 07 077 19685       -17.7410       -15.3439       -15.1350       -15.2899       -15.5233        -0.0000        -0.0000        77.8100         0.8660        13.1490       -58.8630 
UPC1 UPC2 06 07 077 19690       -17.8770       -15.3765       -15.4230       -15.3200       -15.5533        -0.0000        -0.0000        77.8280         1.0250        13.1460       -58.8980 
UPC1 UPC2 06 07 077 19695       -17.5540       -15.4041       -15.4290       -15.3471       -15.5834        -0.0000        -0.0000        77.8460         1.1840        13.1430       -58.9340 
UPC1 UPC2 06 07 077 19700       -17.5880       -15.4338       -15.5690       -15.3754       -15.6133        -0.0000        -0.0000        77.8640         1.3440        13.1390       -58.9700 
UPC1 UPC2 06 07 077 19705       -17.5120       -15.4590       -15.4750       -15.4008       -15.6434        -0.0000        -0.0000        77.8820         1.5040        13.1360       -59.0060 
UPC1 UPC2 06 07 077 19710       -17.7440       -15.4924       -15.7750       -15.4350       -15.6733        -0.0000        -0.0000        77.9000         1.6650        13.1330       -59.0410 
UPC1 UPC2 06 07 077 19715       -17.5550       -15.5234       -15.7030       -15.4671       -15.7032        -0.0000         0.0000        77.9180         1.8260        13.1300       -59.0770 
UPC1 UPC2 06 07 077 19720       -17.4070       -15.5476       -15.5960       -15.4920       -15.7331        -0.0000        -0.0000        77.9350         1.9880        13.1260       -59.1130 
UPC1 UPC2 06 07 077 19725       -17.2400       -15.5807       -15.7780       -15.5267       -15.7630        -0.0000        -0.0000        77.9530         2.1500        13.1230       -59.1490 
UPC1 UPC2 06 07 077 19730       -16.8370       -15.6022       -15.6290       -15.5485       -15.7929        -0.0000        -0.0000        77.9710         2.3130        13.1200       -59.1840 
UPC1 UPC2 06 07 077 19735       -16.6090       -15.6347       -15.7980       -15.5811       -15.8228        -0.0000        -0.0000        77.9880         2.4750        13.1160       -59.2200 
UPC1 UPC2 06 07 077 19740       -16.5900       -15.6659       -15.9630       -15.6135       -15.8526        -0.0000        -0.0000        78.0060         2.6390        13.1130       -59.2560 
UPC1 UPC2 06 07 077 19745       -16.6360       -15.6982       -16.0840       -15.6452       -15.8824        -0.0000        -0.0000        78.0230         2.8030        13.1100       -59.2910 
UPC1 UPC2 06 07 077 19750       -16.6060       -15.7270       -16.1050       -15.6744       -15.9121        -0.0000         0.0000        78.0410         2.9670        13.1060       -59.3270 
UPC1 UPC2 06 07 077 19755       -16.9840       -15.7594       -16.2770       -15.7071       -15.9419        -0.0000        -0.0000        78.0580         3.1310        13.1030       -59.3630 
UPC1 UPC2 06 07 077 19760       -16.7050       -15.7869       -16.0570       -15.7348       -15.9715        -0.0000        -0.0000        78.0750         3.2960        13.0990       -59.3990 
UPC1 UPC2 06 07 077 19765       -16.8040       -15.8178       -15.9680       -15.7662       -16.0013        -0.0000        -0.0000        78.0920         3.4620        13.0960       -59.4340 
UPC1 UPC2 06 07 077 19770       -17.0950       -15.8406       -15.9210       -15.7858       -16.0310        -0.0000        -0.0000        78.1090         3.6280        13.0920       -59.4700 
UPC1 UPC2 06 07 077 19775       -17.4190       -15.8757       -15.7390       -15.8214       -16.0606        -0.0000        -0.0000        78.1260         3.7940        13.0890       -59.5060 
UPC1 UPC2 06 07 077 19780       -17.3930       -15.9044       -16.3370       -15.8510       -16.0904        -0.0000         0.0000        78.1430         3.9610        13.0850       -59.5410 
UPC1 UPC2 06 07 077 19785       -17.2580       -15.9328       -16.4010       -15.8781       -16.1200        -0.0000        -0.0000        78.1600         4.1280        13.0810       -59.5770 
UPC1 UPC2 06 07 077 19790       -17.2100       -15.9658       -16.6180       -15.9105       -16.1496        -0.0000        -0.0000        78.1770         4.2960        13.0780       -59.6130 
UPC1 UPC2 06 07 077 19795       -16.7380       -16.0001       -16.8750       -15.9447       -16.1791        -0.0000        -0.0000        78.1930         4.4640        13.0740       -59.6490 
UPC1 UPC2 06 07 077 19800       -16.4440       -16.0274       -16.9280       -15.9728       -16.2086        -0.0000        -0.0000        78.2100         4.6320        13.0700       -59.6840 
UPC1 UPC2 06 07 077 19805       -16.1850       -16.0514       -16.9820       -15.9987       -16.2382        -0.0000        -0.0000        78.2260         4.8010        13.0670       -59.7200 
UPC1 UPC2 06 07 077 19810       -16.3050       -16.0781       -16.9890       -16.0255       -16.2677        -0.0000         0.0000        78.2430         4.9700        13.0630       -59.7560 
UPC1 UPC2 06 07 077 19815       -16.5320       -16.1128       -17.2470       -16.0630       -16.2972        -0.0000        -0.0000        78.2590         5.1400        13.0590       -59.7910 
UPC1 UPC2 06 07 077 19820       -16.5020       -16.1420       -16.9080       -16.0925       -16.3267        -0.0000        -0.0000        78.2760         5.3100        13.0550       -59.8270 
UPC1 UPC2 06 07 077 19825       -16.7130       -16.1648       -16.9410       -16.1171       -16.3562        -0.0000        -0.0000        78.2920         5.4810        13.0510       -59.8630 
UPC1 UPC2 06 07 077 19830       -16.8260       -16.1935       -17.1450       -16.1475       -16.3856        -0.0000        -0.0000        78.3080         5.6520        13.0480       -59.8990 
UPC1 UPC2 06 07 077 19835       -16.9290       -16.2245       -17.2550       -16.1833       -16.4150        -0.0000         0.0000        78.3240         5.8230        13.0440       -59.9340 
UPC1 UPC2 06 07 077 19840       -17.2550       -16.2547       -16.9950       -16.2165       -16.4445        -0.0000         0.0000        78.3400         5.9950        13.0400       -59.9700 
UPC1 UPC2 06 07 077 19845       -16.9990       -16.2807       -16.8250       -16.2417       -16.4737        -0.0000        -0.0000        78.3560         6.1680        13.0360       -60.0060 
UPC1 UPC2 06 07 077 19850       -17.1680       -16.3116       -16.5440       -16.2719       -16.5030        -0.0000        -0.0000        78.3720         6.3400        13.0320       -60.0420 
UPC1 UPC2 06 07 077 19855       -17.1300       -16.3380       -16.3970       -16.3018       -16.5324        -0.0000        -0.0000        78.3880         6.5140        13.0280       -60.0770 
UPC1 UPC2 06 07 077 19860       -17.3220       -16.3696       -16.8620       -16.3353       -16.5616        -0.0000        -0.0000        78.4030         6.6870        13.0240       -60.1130 
UPC1 UPC2 06 07 077 19865       -17.3020       -16.4036       -16.5420       -16.3667       -16.5910        -0.0000        -0.0000        78.4190         6.8610        13.0200       -60.1490 
UPC1 UPC2 06 07 077 19870       -17.1080       -16.4261       -16.7070       -16.3897       -16.6202        -0.0000        -0.0000        78.4340         7.0360        13.0160       -60.1840 
UPC1 UPC2 06 07 077 19875       -16.9200       -16.4561       -16.7700       -16.4204       -16.6494        -0.0000        -0.0000        78.4500         7.2100        13.0120       -60.2200 
UPC1 UPC2 06 07 077 19880       -16.7250       -16.4833       -16.4290       -16.4491       -16.6786        -0.0000        -0.0000        78.4650         7.3860        13.0070       -60.2560 
UPC1 UPC2 06 07 077 19885       -16.7900       -16.5168       -16.9520       -16.4798       -16.7079        -0.0000        -0.0000        78.4800         7.5620        13.0030       -60.2920 
UPC1 UPC2 06 07 077 19890       -16.7310       -16.5486       -16.6870       -16.5116       -16.7370        -0.0000         0.0000        78.4960         7.7380        12.9990       -60.3270 
UPC1 UPC2 06 07 077 19895       -16.3450       -16.5813       -16.2280       -16.5421       -16.7660        -0.0000        -0.0000        78.5110         7.9140        12.9950       -60.3630 
UPC1 UPC2 06 07 077 19900       -16.2570       -16.6028       -16.4170       -16.5614       -16.7952        -0.0000        -0.0000        78.5260         8.0910        12.9910       -60.3990 
