UPC1 UPC2 06 21 077 18000        31.2060        31.2141        29.5940        29.6288        29.8914         0.0001         0.0000        69.4240       -34.5100        35.0560        53.3100 
UPC1 UPC2 06 21 077 18005        31.3060        31.2126        29.6760        29.6278        29.8924         0.0001         0.0000        69.4520       -34.4410        35.0230        53.3170 
UPC1 UPC2 06 21 077 18010        30.9780        31.2146        29.6630        29.6300        29.8933         0.0001         0.0000        69.4810       -34.3720        34.9890        53.3240 
UPC1 UPC2 06 21 077 18015        30.8930        31.2163        29.5820        29.6323        29.8942         0.0001         0.0000        69.5090       -34.3030        34.9560        53.3310 
UPC1 UPC2 06 21 077 18020        30.7210        31.2193        29.5610        29.6357        29.8951         0.0001         0.0000        69.5380       -34.2330        34.9230        53.3380 
UPC1 UPC2 06 21 077 18025        30.3270        31.2182        29.5650        29.6347        29.8959         0.0001         0.0000        69.5660       -34.1640        34.8890        53.3440 
UPC1 UPC2 06 21 077 18030        30.2220        31.2198        29.5590        29.6364        29.8969         0.0001         0.0000        69.5940       -34.0940        34.8560        53.3510 
UPC1 UPC2 06 21 077 18035        30.2250        31.2172        29.6260        29.6348        29.8977         0.0001         0.0000        69.6230       -34.0250        34.8230        53.3580 
UPC1 UPC2 06 21 077 18040        30.2640        31.2184        29.8500        29.6366        29.8986         0.0001         0.0000        69.6510       -33.9550        34.7890        53.3650 
UPC1 UPC2 06 21 077 18045        30.1780        31.2167        29.8390        29.6349        29.8995         0.0001         0.0000        69.6790       -33.8850        34.7560        53.3720 
UPC1 UPC2 06 21 077 18050        30.0070        31.2140        29.7650        29.6325        29.9003         0.0001         0.0000        69.7080       -33.8150        34.7220        53.3790 
UPC1 UPC2 06 21 077 18055        29.9550        31.2171        29.6310        29.6359        29.9013         0.0001         0.0000        69.7360       -33.7440        34.6890        53.3860 
UPC1 UPC2 06 21 077 18060        29.6140        31.2190        29.8170        29.6386        29.9022         0.0001         0.0000        69.7640       -33.6740        34.6560        53.3930 
UPC1 UPC2 06 21 077 18065        29.6910        31.2147        29.5570        29.6356        29.9031         0.0001         0.0000        69.7920       -33.6030        34.6220        53.4000 
UPC1 UPC2 06 21 077 18070        29.8320        31.2194        29.4130        29.6410        29.9038         0.0001         0.0000        69.8210       -33.5330        34.5890        53.4070 
UPC1 UPC2 06 21 077 18075        29.6440        31.2197        29.3800        29.6425        29.9048         0.0001         0.0000        69.8490       -33.4620        34.5560        53.4140 
UPC1 UPC2 06 21 077 18080        29.4610        31.2232        29.5590        29.6454        29.9057         0.0001         0.0000        69.8770       -33.3910        34.5230        53.4220 
UPC1 UPC2 06 21 077 18085        29.4410        31.2257        29.4260        29.6468        29.9065         0.0001         0.0000        69.9050       -33.3200        34.4890        53.4290 
UPC1 UPC2 06 21 077 18090        29.4100        31.2258        29.6040        29.6449        29.9075         0.0001         0.0000        69.9340       -33.2490        34.4560        53.4360 
UPC1 UPC2 06 21 077 18095        29.5170        31.2331        29.4080        29.6511        29.9083         0.0001         0.0000        69.9620       -33.1770        34.4230        53.4430 
UPC1 UPC2 06 21 077 18100        29.6010        31.2318        29.5940        29.6483        29.9092         0.0001         0.0000        69.9900       -33.1060        34.3890        53.4500 
UPC1 UPC2 06 21 077 18105        29.6740        31.2316        29.8360        29.6464        29.9100         0.0001         0.0000        70.0180       -33.0340        34.3560        53.4570 
UPC1 UPC2 06 21 077 18110        29.6930        31.2308        30.2320        29.6457        29.9109         0.0001         0.0000        70.0460       -32.9620        34.3230        53.4650 
UPC1 UPC2 06 21 077 18115        30.2320        31.2352        30.6060        29.6505        29.9117         0.0001         0.0000        70.0750       -32.8900        34.2900        53.4720 
UPC1 UPC2 06 21 077 18120        30.2920        31.2332        30.6510        29.6486        29.9126         0.0001         0.0000        70.1030       -32.8180        34.2560        53.4790 
UPC1 UPC2 06 21 077 18125        30.0120        31.2336        30.6530        29.6491        29.9135         0.0001         0.0000        70.1310       -32.7460        34.2230        53.4870 
UPC1 UPC2 06 21 077 18130        29.8270        31.2369        30.7180        29.6524        29.9144         0.0001         0.0000        70.1590       -32.6740        34.1900        53.4940 
UPC1 UPC2 06 21 077 18135        29.9090        31.2352        30.8640        29.6494        29.9152         0.0001         0.0000        70.1870       -32.6010        34.1560        53.5010 
UPC1 UPC2 06 21 077 18140        29.9880        31.2401        30.9480        29.6535        29.9162         0.0001         0.0000        70.2150       -32.5290        34.1230        53.5090 
UPC1 UPC2 06 21 077 18145        30.1120        31.2388        31.0940        29.6517        29.9168         0.0001         0.0000        70.2430       -32.4560        34.0900        53.5160 
UPC1 UPC2 06 21 077 18150        30.3440        31.2384        30.9120        29.6510        29.9177         0.0001         0.0000        70.2720       -32.3830        34.0570        53.5230 
UPC1 UPC2 06 21 077 18155        30.1420        31.2388        30.9800        29.6525        29.9187         0.0001         0.0000        70.3000       -32.3100        34.0240        53.5310 
UPC1 UPC2 06 21 077 18160        30.2710        31.2415        30.7730        29.6565        29.9194         0.0001         0.0000        70.3280       -32.2360        33.9900        53.5380 
UPC1 UPC2 06 21 077 18165        30.2820        31.2437        30.7100        29.6582        29.9203         0.0001         0.0000        70.3560       -32.1630        33.9570        53.5460 
UPC1 UPC2 06 21 077 18170        30.3060        31.2412        30.8270        29.6550        29.9211         0.0001         0.0000        70.3840       -32.0900        33.9240        53.5530 
UPC1 UPC2 06 21 077 18175        30.4490        31.2456        31.0580        29.6595        29.9221         0.0001         0.0000        70.4120       -32.0160        33.8910        53.5610 
UPC1 UPC2 06 21 077 18180        30.3230        31.2426        30.9830        29.6572        29.9228         0.0001         0.0000        70.4400       -31.9420        33.8570        53.5680 
UPC1 UPC2 06 21 077 18185        30.2280        31.2444        30.6200        29.6586        29.9238         0.0001         0.0000        70.4680       -31.8680        33.8240        53.5760 
UPC1 UPC2 06 21 077 18190        29.8850        31.2482        30.7950        29.6621        29.9247         0.0001         0.0000        70.4960       -31.7940        33.7910        53.5840 
UPC1 UPC2 06 21 077 18195        29.8060        31.2525        30.6820        29.6642        29.9255         0.0001         0.0000        70.5240       -31.7200        33.7580        53.5910 
UPC1 UPC2 06 21 077 18200        29.9230        31.2526        30.2110        29.6622        29.9263         0.0001         0.0000        70.5520       -31.6450        33.7250        53.5990 
UPC1 UPC2 06 21 077 18205        30.0060        31.2483        30.0810        29.6571        29.9272         0.0001         0.0000        70.5800       -31.5710        33.6910        53.6060 
UPC1 UPC2 06 21 077 18210        29.9570        31.2503        29.9060        29.6593        29.9280         0.0001         0.0000        70.6080       -31.4960        33.6580        53.6140 
UPC1 UPC2 06 21 077 18215        29.8350        31.2483        30.2460        29.6584        29.9288         0.0001         0.0000        70.6360       -31.4210        33.6250        53.6220 
UPC1 UPC2 06 21 077 18220        29.6080        31.2503        30.1600        29.6608        29.9297         0.0001         0.0000        70.6640       -31.3460        33.5920        53.6290 
UPC1 UPC2 06 21 077 18225        29.7340        31.2528        30.2450        29.6640        29.9306         0.0001         0.0000        70.6920       -31.2710        33.5590        53.6370 
UPC1 UPC2 06 21 077 18230        29.8950        31.2517        30.0150        29.6630        29.9313         0.0001         0.0000        70.7200       -31.1950        33.5260        53.6450 
UPC1 UPC2 06 21 077 18235        30.2180        31.2518        30.1610        29.6645        29.9321         0.0001         0.0000        70.7480       -31.1200        33.4930        53.6530 
UPC1 UPC2 06 21 077 18240        30.4460        31.2496        30.3600        29.6634        29.9329         0.0001         0.0000        70.7750       -31.0440        33.4590        53.6610 
UPC1 UPC2 06 21 077 18245        30.4210        31.2514        30.4100        29.6656        29.9339         0.0001         0.0000        70.8030       -30.9680        33.4260        53.6680 
UPC1 UPC2 06 21 077 18250        30.3860        31.2523        30.5370        29.6679        29.9348         0.0001         0.0000        70.8310       -30.8920        33.3930        53.6760 
UPC1 UPC2 06 21 077 18255        30.0280        31.2515        30.8970        29.6686        29.9355         0.0001         0.0000        70.8590       -30.8160        33.3600        53.6840 
UPC1 UPC2 06 21 077 18260        30.0980        31.2550        30.5880        29.6718        29.9363         0.0001         0.0000        70.8870       -30.7400        33.3270        53.6920 
UPC1 UPC2 06 21 077 18265        29.8330        31.2547        30.5780        29.6716        29.9372         0.0001         0.0000        70.9150       -30.6630        33.2940        53.7000 
UPC1 UPC2 06 21 077 18270        29.6630        31.2557        30.4310        29.6710        29.9381         0.0001         0.0000        70.9420       -30.5870        33.2610        53.7080 
UPC1 UPC2 06 21 077 18275        29.6500        31.2580        30.3870        29.6721        29.9388         0.0001         0.0000        70.9700       -30.5100        33.2280        53.7160 
UPC1 UPC2 06 21 077 18280        29.6610        31.2594        30.4100        29.6718        29.9395         0.0001         0.0000        70.9980       -30.4330        33.1940        53.7240 
UPC1 UPC2 06 21 077 18285        29.6430        31.2617        30.3400        29.6742        29.9404         0.0001         0.0000        71.0260       -30.3560        33.1610        53.7320 
UPC1 UPC2 06 21 077 18290        29.6030        31.2631        30.2870        29.6759        29.9414         0.0001         0.0000        71.0540       -30.2780        33.1280        53.7400 
UPC1 UPC2 06 21 077 18295        29.3310        31.2626        30.1980        29.6744        29.9421         0.0001         0.0000        71.0810       -30.2010        33.0950        53.7480 
UPC1 UPC2 06 21 077 18300        29.4320        31.2653        30.2560        29.6763        29.9430         0.0001         0.0000        71.1090       -30.1230        33.0620        53.7560 
UPC1 UPC2 06 21 077 18305        29.1540        31.2661        30.1400        29.6771        29.9438         0.0001         0.0000        71.1370       -30.0460        33.0290        53.7640 
UPC1 UPC2 06 21 077 18310        28.9020        31.2683        30.0660        29.6801        29.9445         0.0001         0.0000        71.1640       -29.9680        32.9960        53.7720 
UPC1 UPC2 06 21 077 18315        28.8430        31.2694        29.8820        29.6818        29.9453         0.0001         0.0000        71.1920       -29.8890        32.9630        53.7800 
UPC1 UPC2 06 21 077 18320        28.5130        31.2727        29.9800        29.6857        29.9462         0.0001         0.0000        71.2200       -29.8110        32.9300        53.7880 
UPC1 UPC2 06 21 077 18325        28.5150        31.2699        29.9590        29.6826        29.9471         0.0001         0.0000        71.2480       -29.7330        32.8970        53.7960 
UPC1 UPC2 06 21 077 18330        28.7140        31.2714        29.8880        29.6840        29.9478         0.0001         0.0000        71.2750       -29.6540        32.8640        53.8040 
UPC1 UPC2 06 21 077 18335        28.9970        31.2732        29.8480        29.6861        29.9487         0.0001         0.0000        71.3030       -29.5750        32.8310        53.8120 
UPC1 UPC2 06 21 077 18340        29.2200        31.2722        29.5450        29.6850        29.9494         0.0001         0.0000        71.3300       -29.4960        32.7980        53.8210 
UPC1 UPC2 06 21 077 18345        29.2830        31.2749        29.6070        29.6875        29.9503         0.0001         0.0000        71.3580       -29.4170        32.7650        53.8290 
UPC1 UPC2 06 21 077 18350        29.3290        31.2774        29.4380        29.6908        29.9512         0.0001         0.0000        71.3860       -29.3380        32.7320        53.8370 
UPC1 UPC2 06 21 077 18355        29.2200        31.2760        29.4740        29.6899        29.9519         0.0001         0.0000        71.4130       -29.2580        32.6980        53.8450 
UPC1 UPC2 06 21 077 18360        29.3920        31.2790        29.2800        29.6929        29.9527         0.0001         0.0000        71.4410       -29.1790        32.6650        53.8540 
UPC1 UPC2 06 21 077 18365        29.6740        31.2754        29.2830        29.6911        29.9536         0.0001         0.0000        71.4680       -29.0990        32.6320        53.8620 
UPC1 UPC2 06 21 077 18370        29.8610        31.2771        29.1590        29.6936        29.9544         0.0001         0.0000        71.4960       -29.0190        32.5990        53.8700 
UPC1 UPC2 06 21 077 18375        30.0520        31.2783        28.9410        29.6955        29.9553         0.0001         0.0000        71.5230       -28.9390        32.5660        53.8780 
UPC1 UPC2 06 21 077 18380        30.0420        31.2791        29.1760        29.6969        29.9560         0.0001         0.0000        71.5510       -28.8580        32.5330        53.8870 
UPC1 UPC2 06 21 077 18385        30.0970        31.2761        29.3250        29.6949        29.9567         0.0001         0.0000        71.5780       -28.7780        32.5000        53.8950 
UPC1 UPC2 06 21 077 18390        30.4080        31.2761        29.1830        29.6960        29.9576         0.0001         0.0000        71.6060       -28.6970        32.4670        53.9040 
UPC1 UPC2 06 21 077 18395        30.4030        31.2771        29.3240        29.6987        29.9584         0.0001         0.0000        71.6330       -28.6160        32.4340        53.9120 
UPC1 UPC2 06 21 077 18400        30.4700        31.2801        29.1850        29.7019        29.9591         0.0001         0.0000        71.6610       -28.5350        32.4020        53.9200 
UPC1 UPC2 06 21 077 18405        30.1970        31.2771        29.4720        29.7004        29.9600         0.0001         0.0000        71.6880       -28.4540        32.3690        53.9290 
UPC1 UPC2 06 21 077 18410        30.0010        31.2804        29.4810        29.7040        29.9608         0.0001         0.0000        71.7160       -28.3730        32.3360        53.9370 
UPC1 UPC2 06 21 077 18415        30.0070        31.2811        29.7220        29.7043        29.9614         0.0001         0.0000        71.7430       -28.2910        32.3030        53.9460 
UPC1 UPC2 06 21 077 18420        29.8930        31.2829        29.5230        29.7065        29.9622         0.0001         0.0000        71.7700       -28.2090        32.2700        53.9540 
UPC1 UPC2 06 21 077 18425        29.9240        31.2816        29.5990        29.7047        29.9631         0.0001         0.0000        71.7980       -28.1270        32.2370        53.9630 
UPC1 UPC2 06 21 077 18430        30.0480        31.2841        29.9820        29.7077        29.9639         0.0001         0.0000        71.8250       -28.0450        32.2040        53.9710 
UPC1 UPC2 06 21 077 18435        30.0460        31.2820        30.1600        29.7060        29.9647         0.0001         0.0000        71.8520       -27.9630        32.1710        53.9800 
UPC1 UPC2 06 21 077 18440        29.5810        31.2783        30.3090        29.7028        29.9654         0.0001         0.0000        71.8800       -27.8800        32.1380        53.9880 
UPC1 UPC2 06 21 077 18445        29.5140        31.2828        30.3120        29.7077        29.9663         0.0001         0.0000        71.9070       -27.7970        32.1050        53.9970 
UPC1 UPC2 06 21 077 18450        29.5960        31.2833        30.5810        29.7079        29.9671         0.0001         0.0000        71.9340       -27.7150        32.0720        54.0060 
UPC1 UPC2 06 21 077 18455        29.4390        31.2856        30.5870        29.7100        29.9678         0.0001         0.0000        71.9620       -27.6310        32.0390        54.0140 
UPC1 UPC2 06 21 077 18460        29.4750        31.2861        30.4860        29.7111        29.9686         0.0001         0.0000        71.9890       -27.5480        32.0060        54.0230 
UPC1 UPC2 06 21 077 18465        29.4450        31.2848        30.1880        29.7105        29.9693         0.0001         0.0000        72.0160       -27.4650        31.9730        54.0320 
UPC1 UPC2 06 21 077 18470        29.5170        31.2885        29.9380        29.7162        29.9702         0.0001         0.0000        72.0430       -27.3810        31.9400        54.0400 
UPC1 UPC2 06 21 077 18475        29.7410        31.2895        30.0620        29.7180        29.9709         0.0001         0.0000        72.0710       -27.2970        31.9070        54.0490 
UPC1 UPC2 06 21 077 18480        29.8480        31.2889        30.0920        29.7177        29.9717         0.0001         0.0000        72.0980       -27.2130        31.8750        54.0580 
UPC1 UPC2 06 21 077 18485        29.9630        31.2920        29.8370        29.7206        29.9725         0.0001         0.0000        72.1250       -27.1290        31.8420        54.0670 
UPC1 UPC2 06 21 077 18490        30.0960        31.2904        29.4440        29.7186        29.9732         0.0001         0.0000        72.1520       -27.0450        31.8090        54.0750 
UPC1 UPC2 06 21 077 18495        30.1010        31.2900        29.3520        29.7178        29.9741         0.0001         0.0000        72.1790       -26.9600        31.7760        54.0840 
UPC1 UPC2 06 21 077 18500        30.0310        31.2938        29.4320        29.7217        29.9749         0.0001         0.0000        72.2060       -26.8750        31.7430        54.0930 
UPC1 UPC2 06 21 077 18505        29.9860        31.2919        29.7080        29.7195        29.9756         0.0001         0.0000        72.2330       -26.7900        31.7100        54.1020 
UPC1 UPC2 06 21 077 18510        29.7690        31.2945        29.8920        29.7223        29.9764         0.0001         0.0000        72.2610       -26.7050        31.6770        54.1110 
UPC1 UPC2 06 21 077 18515        29.6620        31.2961        29.9950        29.7234        29.9772         0.0001         0.0000        72.2880       -26.6190        31.6450        54.1190 
UPC1 UPC2 06 21 077 18520        29.7180        31.2937        30.0200        29.7195        29.9779         0.0001         0.0000        72.3150       -26.5340        31.6120        54.1280 
UPC1 UPC2 06 21 077 18525        29.6180        31.2949        30.1460        29.7211        29.9787         0.0001         0.0000        72.3420       -26.4480        31.5790        54.1370 
UPC1 UPC2 06 21 077 18530        29.5660        31.2963        30.3340        29.7217        29.9794         0.0001         0.0000        72.3690       -26.3620        31.5460        54.1460 
UPC1 UPC2 06 21 077 18535        29.3780        31.2957        30.5970        29.7206        29.9802         0.0001         0.0000        72.3960       -26.2760        31.5130        54.1550 
UPC1 UPC2 06 21 077 18540        29.1510        31.2922        30.7550        29.7174        29.9810         0.0001         0.0000        72.4230       -26.1900        31.4800        54.1640 
UPC1 UPC2 06 21 077 18545        28.9770        31.2957        30.6830        29.7201        29.9818         0.0001         0.0000        72.4500       -26.1030        31.4470        54.1730 
UPC1 UPC2 06 21 077 18550        28.9230        31.2973        30.9850        29.7230        29.9824         0.0001         0.0000        72.4770       -26.0160        31.4150        54.1820 
UPC1 UPC2 06 21 077 18555        28.8400        31.2977        31.0910        29.7235        29.9833         0.0001         0.0000        72.5040       -25.9290        31.3820        54.1910 
UPC1 UPC2 06 21 077 18560        28.8430        31.2977        31.3210        29.7223        29.9840         0.0001         0.0000        72.5300       -25.8420        31.3490        54.2000 
UPC1 UPC2 06 21 077 18565        29.1010        31.3003        31.1500        29.7230        29.9848         0.0001         0.0000        72.5570       -25.7550        31.3160        54.2090 
UPC1 UPC2 06 21 077 18570        28.8570        31.3020        31.2920        29.7242        29.9855         0.0001         0.0000        72.5840       -25.6670        31.2830        54.2180 
UPC1 UPC2 06 21 077 18575        28.9780        31.3038        31.2550        29.7240        29.9864         0.0001         0.0000        72.6110       -25.5790        31.2510        54.2270 
UPC1 UPC2 06 21 077 18580        29.0430        31.3027        31.2260        29.7227        29.9872         0.0001         0.0000        72.6380       -25.4910        31.2180        54.2360 
UPC1 UPC2 06 21 077 18585        29.1870        31.3012        31.1820        29.7184        29.9878         0.0001         0.0000        72.6650       -25.4030        31.1850        54.2460 
UPC1 UPC2 06 21 077 18590        29.2960        31.3039        31.2640        29.7224        29.9886         0.0001         0.0000        72.6910       -25.3140        31.1520        54.2550 
UPC1 UPC2 06 21 077 18595        29.2020        31.3090        31.3730        29.7276        29.9893         0.0001         0.0000        72.7180       -25.2260        31.1200        54.2640 
UPC1 UPC2 06 21 077 18600        29.2550        31.3081        31.6590        29.7269        29.9901         0.0001         0.0000        72.7450       -25.1370        31.0870        54.2730 
UPC1 UPC2 06 21 077 18605        29.3650        31.3064        31.6340        29.7261        29.9908         0.0001         0.0000        72.7720       -25.0480        31.0540        54.2820 
UPC1 UPC2 06 21 077 18610        29.5460        31.3055        31.5550        29.7254        29.9915         0.0001         0.0000        72.7980       -24.9580        31.0210        54.2910 
UPC1 UPC2 06 21 077 18615        29.4340        31.3080        31.3210        29.7292        29.9924         0.0001         0.0000        72.8250       -24.8690        30.9890        54.3010 
UPC1 UPC2 06 21 077 18620        29.3810        31.3113        31.3070        29.7324        29.9931         0.0001         0.0000        72.8520       -24.7790        30.9560        54.3100 
UPC1 UPC2 06 21 077 18625        29.5240        31.3101        31.2250        29.7312        29.9939         0.0001         0.0000        72.8780       -24.6890        30.9230        54.3190 
UPC1 UPC2 06 21 077 18630        29.6960        31.3119        31.2020        29.7324        29.9946         0.0001         0.0000        72.9050       -24.5990        30.8900        54.3290 
UPC1 UPC2 06 21 077 18635        29.6970        31.3112        30.8430        29.7316        29.9953         0.0001         0.0000        72.9320       -24.5090        30.8580        54.3380 
UPC1 UPC2 06 21 077 18640        29.7380        31.3135        30.5850        29.7323        29.9961         0.0001         0.0000        72.9580       -24.4180        30.8250        54.3470 
UPC1 UPC2 06 21 077 18645        29.5760        31.3162        30.4070        29.7348        29.9968         0.0001         0.0000        72.9850       -24.3270        30.7920        54.3560 
UPC1 UPC2 06 21 077 18650        29.5220        31.3155        30.2930        29.7340        29.9976         0.0001         0.0000        73.0110       -24.2360        30.7590        54.3660 
UPC1 UPC2 06 21 077 18655        29.7090        31.3166        29.9200        29.7345        29.9984         0.0001         0.0000        73.0380       -24.1450        30.7270        54.3750 
UPC1 UPC2 06 21 077 18660        29.6850        31.3212        29.7920        29.7392        29.9991         0.0001         0.0000        73.0650       -24.0540        30.6940        54.3850 
UPC1 UPC2 06 21 077 18665        29.9150        31.3211        29.7060        29.7399        29.9999         0.0001         0.0000        73.0910       -23.9620        30.6610        54.3940 
UPC1 UPC2 06 21 077 18670        29.7030        31.3189        29.5840        29.7380        30.0007         0.0001         0.0000        73.1170       -23.8700        30.6290        54.4030 
UPC1 UPC2 06 21 077 18675        29.7620        31.3205        29.5400        29.7399        30.0014         0.0001         0.0000        73.1440       -23.7780        30.5960        54.4130 
UPC1 UPC2 06 21 077 18680        29.8330        31.3216        29.4420        29.7409        30.0021         0.0001         0.0000        73.1700       -23.6860        30.5630        54.4220 
UPC1 UPC2 06 21 077 18685        29.3780        31.3225        29.4010        29.7424        30.0028         0.0001         0.0000        73.1970       -23.5930        30.5310        54.4320 
UPC1 UPC2 06 21 077 18690        29.4870        31.3252        29.5930        29.7455        30.0035         0.0001         0.0000        73.2230       -23.5000        30.4980        54.4410 
UPC1 UPC2 06 21 077 18695        29.3730        31.3261        29.6590        29.7463        30.0043         0.0001         0.0000        73.2490       -23.4070        30.4650        54.4510 
UPC1 UPC2 06 21 077 18700        29.4860        31.3252        29.7130        29.7454        30.0050         0.0001         0.0000        73.2760       -23.3140        30.4330        54.4600 
UPC1 UPC2 06 21 077 18705        29.6210        31.3241        29.6430        29.7421        30.0059         0.0001         0.0000        73.3020       -23.2200        30.4000        54.4700 
UPC1 UPC2 06 21 077 18710        29.6450        31.3306        29.5560        29.7487        30.0065         0.0001         0.0000        73.3280       -23.1270        30.3670        54.4800 
UPC1 UPC2 06 21 077 18715        29.6420        31.3279        29.2900        29.7460        30.0072         0.0001         0.0000        73.3550       -23.0330        30.3350        54.4890 
UPC1 UPC2 06 21 077 18720        29.7560        31.3308        29.5230        29.7482        30.0079         0.0001         0.0000        73.3810       -22.9380        30.3020        54.4990 
UPC1 UPC2 06 21 077 18725        29.7550        31.3306        29.7380        29.7460        30.0086         0.0001         0.0000        73.4070       -22.8440        30.2700        54.5080 
UPC1 UPC2 06 21 077 18730        29.3980        31.3311        29.8850        29.7450        30.0095         0.0001         0.0000        73.4330       -22.7490        30.2370        54.5180 
UPC1 UPC2 06 21 077 18735        29.2270        31.3359        29.8390        29.7478        30.0102         0.0001         0.0000        73.4600       -22.6540        30.2040        54.5280 
UPC1 UPC2 06 21 077 18740        29.0650        31.3360        29.9280        29.7463        30.0107         0.0001         0.0000        73.4860       -22.5590        30.1720        54.5370 
UPC1 UPC2 06 21 077 18745        28.7820        31.3387        29.9170        29.7480        30.0115         0.0001         0.0000        73.5120       -22.4640        30.1390        54.5470 
UPC1 UPC2 06 21 077 18750        28.9080        31.3395        29.8730        29.7475        30.0123         0.0001         0.0000        73.5380       -22.3680        30.1060        54.5570 
UPC1 UPC2 06 21 077 18755        29.1940        31.3396        29.7030        29.7453        30.0130         0.0001         0.0000        73.5640       -22.2720        30.0740        54.5670 
UPC1 UPC2 06 21 077 18760        29.4500        31.3427        30.0420        29.7483        30.0137         0.0001         0.0000        73.5900       -22.1760        30.0410        54.5760 
UPC1 UPC2 06 21 077 18765        29.6660        31.3383        30.0870        29.7439        30.0144         0.0001         0.0000        73.6160       -22.0800        30.0090        54.5860 
UPC1 UPC2 06 21 077 18770        29.8410        31.3404        30.2420        29.7474        30.0151         0.0001         0.0000        73.6420       -21.9830        29.9760        54.5960 
UPC1 UPC2 06 21 077 18775        29.8990        31.3367        30.3130        29.7456        30.0159         0.0001         0.0000        73.6680       -21.8870        29.9440        54.6060 
UPC1 UPC2 06 21 077 18780        29.9100        31.3409        30.3900        29.7496        30.0166         0.0001         0.0000        73.6940       -21.7900        29.9110        54.6160 
UPC1 UPC2 06 21 077 18785        29.9320        31.3381        30.4800        29.7484        30.0173         0.0001         0.0000        73.7200       -21.6920        29.8780        54.6250 
UPC1 UPC2 06 21 077 18790        29.8460        31.3403        30.6020        29.7519        30.0179         0.0001         0.0000        73.7460       -21.5950        29.8460        54.6350 
UPC1 UPC2 06 21 077 18795        29.9210        31.3416        30.4340        29.7538        30.0187         0.0001         0.0000        73.7720       -21.4970        29.8130        54.6450 
UPC1 UPC2 06 21 077 18800        30.0140        31.3400        30.5060        29.7533        30.0195         0.0001         0.0000        73.7980       -21.3990        29.7810        54.6550 
UPC1 UPC2 06 21 077 18805        29.9750        31.3409        30.3600        29.7555        30.0201         0.0001         0.0000        73.8240       -21.3010        29.7480        54.6650 
UPC1 UPC2 06 21 077 18810        29.8470        31.3421        30.6490        29.7567        30.0208         0.0001         0.0000        73.8500       -21.2020        29.7160        54.6750 
UPC1 UPC2 06 21 077 18815        29.8060        31.3420        30.4110        29.7564        30.0215         0.0001         0.0000        73.8750       -21.1030        29.6830        54.6850 
UPC1 UPC2 06 21 077 18820        29.9460        31.3434        30.2790        29.7562        30.0222         0.0001         0.0000        73.9010       -21.0040        29.6510        54.6950 
UPC1 UPC2 06 21 077 18825        29.7520        31.3474        30.2230        29.7599        30.0230         0.0001         0.0000        73.9270       -20.9050        29.6180        54.7050 
UPC1 UPC2 06 21 077 18830        29.7460        31.3439        30.1110        29.7546        30.0236         0.0001         0.0000        73.9530       -20.8050        29.5860        54.7150 
UPC1 UPC2 06 21 077 18835        29.5530        31.3413        29.9990        29.7527        30.0244         0.0001         0.0000        73.9780       -20.7060        29.5530        54.7250 
UPC1 UPC2 06 21 077 18840        29.3300        31.3436        29.8570        29.7546        30.0252         0.0001         0.0000        74.0040       -20.6050        29.5210        54.7350 
UPC1 UPC2 06 21 077 18845        29.1960        31.3436        29.7620        29.7545        30.0258         0.0001         0.0000        74.0300       -20.5050        29.4880        54.7450 
UPC1 UPC2 06 21 077 18850        29.1590        31.3441        29.7990        29.7565        30.0266         0.0001         0.0000        74.0550       -20.4050        29.4560        54.7550 
UPC1 UPC2 06 21 077 18855        28.9470        31.3501        29.5940        29.7622        30.0272         0.0001         0.0000        74.0810       -20.3040        29.4230        54.7650 
UPC1 UPC2 06 21 077 18860        29.0390        31.3482        29.3030        29.7607        30.0279         0.0001         0.0000        74.1060       -20.2030        29.3910        54.7750 
UPC1 UPC2 06 21 077 18865        29.0980        31.3521        29.2470        29.7646        30.0287         0.0001         0.0000        74.1320       -20.1010        29.3580        54.7850 
UPC1 UPC2 06 21 077 18870        28.8690        31.3494        29.1080        29.7614        30.0294         0.0001         0.0000        74.1570       -20.0000        29.3260        54.7950 
UPC1 UPC2 06 21 077 18875        29.4360        31.3529        29.1040        29.7654        30.0301         0.0001         0.0000        74.1830       -19.8980        29.2930        54.8050 
UPC1 UPC2 06 21 077 18880        29.5040        31.3543        29.2400        29.7665        30.0307         0.0001         0.0000        74.2080       -19.7960        29.2610        54.8160 
UPC1 UPC2 06 21 077 18885        29.5620        31.3505        29.3720        29.7643        30.0314         0.0001         0.0000        74.2340       -19.6930        29.2280        54.8260 
UPC1 UPC2 06 21 077 18890        29.8270        31.3511        29.4370        29.7658        30.0321         0.0001         0.0000        74.2590       -19.5910        29.1960        54.8360 
UPC1 UPC2 06 21 077 18895        29.7510        31.3531        29.4720        29.7687        30.0327         0.0001         0.0000        74.2850       -19.4880        29.1640        54.8460 
UPC1 UPC2 06 21 077 18900        29.6960        31.3505        29.4340        29.7675        30.0335         0.0001         0.0000        74.3100       -19.3840        29.1310        54.8570 
UPC1 UPC2 06 21 077 18905        29.7170        31.3522        29.2470        29.7709        30.0343         0.0001         0.0000        74.3350       -19.2810        29.0990        54.8670 
UPC1 UPC2 06 21 077 18910        29.8240        31.3512        29.3690        29.7725        30.0349         0.0001         0.0000        74.3610       -19.1770        29.0660        54.8770 
UPC1 UPC2 06 21 077 18915        30.1200        31.3528        29.4240        29.7758        30.0356         0.0001         0.0000        74.3860       -19.0730        29.0340        54.8870 
UPC1 UPC2 06 21 077 18920        30.4990        31.3488        29.7190        29.7739        30.0363         0.0001         0.0000        74.4110       -18.9690        29.0010        54.8980 
UPC1 UPC2 06 21 077 18925        30.6130        31.3545        29.7040        29.7815        30.0370         0.0001         0.0000        74.4360       -18.8640        28.9690        54.9080 
UPC1 UPC2 06 21 077 18930        30.6370        31.3522        29.7310        29.7804        30.0375         0.0001         0.0000        74.4610       -18.7590        28.9370        54.9180 
UPC1 UPC2 06 21 077 18935        30.6260        31.3518        29.8620        29.7800        30.0384         0.0001         0.0000        74.4870       -18.6540        28.9040        54.9290 
UPC1 UPC2 06 21 077 18940        30.7120        31.3532        29.7920        29.7812        30.0391         0.0001         0.0000        74.5120       -18.5490        28.8720        54.9390 
UPC1 UPC2 06 21 077 18945        30.8470        31.3546        29.7130        29.7816        30.0397         0.0001         0.0000        74.5370       -18.4430        28.8400        54.9490 
UPC1 UPC2 06 21 077 18950        30.7160        31.3532        29.6570        29.7789        30.0404         0.0001         0.0000        74.5620       -18.3370        28.8070        54.9600 
UPC1 UPC2 06 21 077 18955        30.9460        31.3540        29.6030        29.7797        30.0410         0.0001         0.0000        74.5870       -18.2310        28.7750        54.9700 
UPC1 UPC2 06 21 077 18960        31.0560        31.3585        29.3420        29.7834        30.0418         0.0001         0.0000        74.6120       -18.1240        28.7420        54.9810 
UPC1 UPC2 06 21 077 18965        31.1160        31.3558        29.4880        29.7819        30.0425         0.0001         0.0000        74.6370       -18.0180        28.7100        54.9910 
UPC1 UPC2 06 21 077 18970        30.7790        31.3586        29.4060        29.7836        30.0432         0.0001         0.0000        74.6620       -17.9110        28.6780        55.0020 
UPC1 UPC2 06 21 077 18975        30.8810        31.3565        29.4190        29.7820        30.0438         0.0001         0.0000        74.6870       -17.8030        28.6450        55.0120 
UPC1 UPC2 06 21 077 18980        30.7280        31.3566        29.3400        29.7837        30.0445         0.0001         0.0000        74.7120       -17.6960        28.6130        55.0230 
UPC1 UPC2 06 21 077 18985        30.6790        31.3545        29.5270        29.7814        30.0452         0.0001         0.0000        74.7370       -17.5880        28.5810        55.0330 
UPC1 UPC2 06 21 077 18990        30.6610        31.3562        29.4960        29.7841        30.0459         0.0001         0.0000        74.7610       -17.4790        28.5480        55.0440 
UPC1 UPC2 06 21 077 18995        30.6990        31.3604        29.4570        29.7875        30.0466         0.0001         0.0000        74.7860       -17.3710        28.5160        55.0540 
UPC1 UPC2 06 21 077 19000        30.5970        31.3618        29.6110        29.7878        30.0473         0.0001         0.0000        74.8110       -17.2620        28.4840        55.0650 
UPC1 UPC2 06 21 077 19005        30.4480        31.3626        29.9020        29.7880        30.0480         0.0001         0.0000        74.8360       -17.1530        28.4510        55.0750 
UPC1 UPC2 06 21 077 19010        30.6260        31.3657        30.1360        29.7916        30.0486         0.0001         0.0000        74.8600       -17.0440        28.4190        55.0860 
UPC1 UPC2 06 21 077 19015        30.3180        31.3646        30.2910        29.7895        30.0493         0.0001         0.0000        74.8850       -16.9340        28.3870        55.0970 
UPC1 UPC2 06 21 077 19020        30.2590        31.3687        30.2580        29.7929        30.0500         0.0001         0.0000        74.9100       -16.8240        28.3550        55.1070 
UPC1 UPC2 06 21 077 19025        30.3810        31.3707        30.1130        29.7939        30.0506         0.0001         0.0000        74.9340       -16.7140        28.3220        55.1180 
UPC1 UPC2 06 21 077 19030        30.0160        31.3781        30.0350        29.8002        30.0512         0.0001         0.0000        74.9590       -16.6030        28.2900        55.1280 
UPC1 UPC2 06 21 077 19035        29.8610        31.3718        30.2060        29.7929        30.0520         0.0001         0.0000        74.9830       -16.4920        28.2580        55.1390 
UPC1 UPC2 06 21 077 19040        30.0600        31.3723        29.9960        29.7915        30.0526         0.0001         0.0000        75.0080       -16.3810        28.2250        55.1500 
UPC1 UPC2 06 21 077 19045        29.7970        31.3696        30.2130        29.7892        30.0534         0.0001         0.0000        75.0320       -16.2700        28.1930        55.1610 
UPC1 UPC2 06 21 077 19050        29.9580        31.3728        29.9640        29.7927        30.0541         0.0001         0.0000        75.0570       -16.1580        28.1610        55.1710 
UPC1 UPC2 06 21 077 19055        30.0530        31.3724        29.7780        29.7932        30.0546         0.0001         0.0000        75.0810       -16.0460        28.1290        55.1820 
UPC1 UPC2 06 21 077 19060        30.0410        31.3733        29.6510        29.7939        30.0553         0.0001         0.0000        75.1050       -15.9330        28.0960        55.1930 
UPC1 UPC2 06 21 077 19065        29.7540        31.3733        29.7520        29.7956        30.0559         0.0001         0.0000        75.1300       -15.8210        28.0640        55.2040 
UPC1 UPC2 06 21 077 19070        29.8680        31.3722        29.6560        29.7956        30.0566         0.0001         0.0000        75.1540       -15.7080        28.0320        55.2140 
UPC1 UPC2 06 21 077 19075        29.6910        31.3730        29.8390        29.7968        30.0574         0.0001         0.0000        75.1780       -15.5940        28.0000        55.2250 
UPC1 UPC2 06 21 077 19080        30.0410        31.3694        29.9190        29.7948        30.0580         0.0001         0.0000        75.2030       -15.4810        27.9670        55.2360 
UPC1 UPC2 06 21 077 19085        30.1250        31.3701        30.1010        29.7965        30.0587         0.0001         0.0000        75.2270       -15.3670        27.9350        55.2470 
UPC1 UPC2 06 21 077 19090        29.9760        31.3722        30.0030        29.7985        30.0593         0.0001         0.0000        75.2510       -15.2530        27.9030        55.2580 
UPC1 UPC2 06 21 077 19095        29.9450        31.3731        30.0850        29.7990        30.0599         0.0001         0.0000        75.2750       -15.1380        27.8710        55.2690 
UPC1 UPC2 06 21 077 19100        29.8000        31.3741        30.2370        29.7993        30.0605         0.0001         0.0000        75.2990       -15.0230        27.8390        55.2800 
UPC1 UPC2 06 21 077 19105        29.8880        31.3771        29.8290        29.8023        30.0613         0.0001         0.0000        75.3230       -14.9080        27.8060        55.2900 
UPC1 UPC2 06 21 077 19110        29.8360        31.3726        29.8110        29.7986        30.0620         0.0001         0.0000        75.3470       -14.7930        27.7740        55.3010 
UPC1 UPC2 06 21 077 19115        30.0570        31.3746        29.6540        29.8014        30.0626         0.0001         0.0000        75.3710       -14.6770        27.7420        55.3120 
UPC1 UPC2 06 21 077 19120        29.9620        31.3773        29.4310        29.8041        30.0633         0.0001         0.0000        75.3950       -14.5610        27.7100        55.3230 
UPC1 UPC2 06 21 077 19125        30.1180        31.3774        29.1940        29.8046        30.0638         0.0001         0.0000        75.4190       -14.4440        27.6780        55.3340 
UPC1 UPC2 06 21 077 19130        30.2380        31.3761        29.1960        29.8047        30.0646         0.0001         0.0000        75.4430       -14.3280        27.6450        55.3450 
UPC1 UPC2 06 21 077 19135        30.1560        31.3814        29.2020        29.8108        30.0652         0.0001         0.0000        75.4670       -14.2110        27.6130        55.3560 
UPC1 UPC2 06 21 077 19140        30.3140        31.3815        29.2920        29.8097        30.0658         0.0001         0.0000        75.4910       -14.0930        27.5810        55.3670 
UPC1 UPC2 06 21 077 19145        30.1890        31.3841        29.5750        29.8112        30.0666         0.0001         0.0000        75.5140       -13.9760        27.5490        55.3780 
UPC1 UPC2 06 21 077 19150        30.1020        31.3827        29.8000        29.8082        30.0671         0.0001         0.0000        75.5380       -13.8580        27.5170        55.3890 
UPC1 UPC2 06 21 077 19155        29.6260        31.3899        29.6490        29.8157        30.0678         0.0001         0.0000        75.5620       -13.7390        27.4850        55.4000 
UPC1 UPC2 06 21 077 19160        29.6350        31.3852        29.7570        29.8094        30.0685         0.0001         0.0000        75.5850       -13.6210        27.4530        55.4110 
UPC1 UPC2 06 21 077 19165        29.9620        31.3854        29.7440        29.8097        30.0692         0.0001         0.0000        75.6090       -13.5020        27.4200        55.4230 
UPC1 UPC2 06 21 077 19170        29.8970        31.3892        29.7820        29.8118        30.0698         0.0001         0.0000        75.6330       -13.3820        27.3880        55.4340 
UPC1 UPC2 06 21 077 19175        29.6670        31.3909        29.6530        29.8120        30.0704         0.0001         0.0000        75.6560       -13.2630        27.3560        55.4450 
UPC1 UPC2 06 21 077 19180        29.6220        31.3927        29.7520        29.8119        30.0711         0.0001         0.0000        75.6800       -13.1430        27.3240        55.4560 
UPC1 UPC2 06 21 077 19185        29.6700        31.3943        29.9130        29.8130        30.0717         0.0001         0.0000        75.7030       -13.0220        27.2920        55.4670 
UPC1 UPC2 06 21 077 19190        29.7630        31.3933        29.7740        29.8104        30.0723         0.0001         0.0000        75.7270       -12.9020        27.2600        55.4780 
UPC1 UPC2 06 21 077 19195        29.7730        31.3955        29.8860        29.8115        30.0731         0.0001         0.0000        75.7500       -12.7810        27.2280        55.4890 
UPC1 UPC2 06 21 077 19200        30.0110        31.3939        29.9120        29.8092        30.0737         0.0001         0.0000        75.7730       -12.6590        27.1960        55.5010 
UPC1 UPC2 06 21 077 19205        30.2540        31.3952        29.7040        29.8105        30.0742         0.0001         0.0000        75.7970       -12.5380        27.1640        55.5120 
UPC1 UPC2 06 21 077 19210        30.7200        31.3982        29.8450        29.8119        30.0749         0.0001         0.0000        75.8200       -12.4160        27.1310        55.5230 
UPC1 UPC2 06 21 077 19215        30.8960        31.3985        30.0410        29.8100        30.0756         0.0001         0.0000        75.8430       -12.2940        27.0990        55.5340 
UPC1 UPC2 06 21 077 19220        31.0810        31.4019        30.2500        29.8146        30.0763         0.0001         0.0000        75.8660       -12.1710        27.0670        55.5460 
UPC1 UPC2 06 21 077 19225        30.8720        31.4021        30.1950        29.8147        30.0769         0.0001         0.0000        75.8890       -12.0480        27.0350        55.5570 
UPC1 UPC2 06 21 077 19230        30.7030        31.4043        30.0900        29.8170        30.0775         0.0001         0.0000        75.9130       -11.9250        27.0030        55.5680 
UPC1 UPC2 06 21 077 19235        30.6410        31.4011        29.8460        29.8129        30.0781         0.0001         0.0000        75.9360       -11.8010        26.9710        55.5800 
UPC1 UPC2 06 21 077 19240        30.5780        31.4021        30.0960        29.8140        30.0788         0.0001         0.0000        75.9590       -11.6770        26.9390        55.5910 
UPC1 UPC2 06 21 077 19245        30.5900        31.4024        29.9150        29.8133        30.0793         0.0001         0.0000        75.9820       -11.5520        26.9070        55.6020 
UPC1 UPC2 06 21 077 19250        30.6620        31.4035        29.8380        29.8140        30.0801         0.0001         0.0000        76.0050       -11.4280        26.8750        55.6140 
UPC1 UPC2 06 21 077 19255        30.7950        31.4051        30.2200        29.8154        30.0806         0.0001         0.0000        76.0270       -11.3030        26.8430        55.6250 
UPC1 UPC2 06 21 077 19260        30.8290        31.4038        30.0180        29.8135        30.0813         0.0001         0.0000        76.0500       -11.1770        26.8110        55.6360 
UPC1 UPC2 06 21 077 19265        30.7260        31.4038        29.9040        29.8125        30.0820         0.0001         0.0000        76.0730       -11.0510        26.7790        55.6480 
UPC1 UPC2 06 21 077 19270        30.4820        31.4080        29.9170        29.8168        30.0826         0.0001         0.0000        76.0960       -10.9250        26.7470        55.6590 
UPC1 UPC2 06 21 077 19275        30.5180        31.4078        29.9100        29.8183        30.0831         0.0001         0.0000        76.1190       -10.7990        26.7150        55.6710 
UPC1 UPC2 06 21 077 19280        30.3260        31.4072        30.0610        29.8181        30.0839         0.0001         0.0000        76.1410       -10.6720        26.6830        55.6820 
UPC1 UPC2 06 21 077 19285        30.2660        31.4065        30.5780        29.8186        30.0846         0.0001         0.0000        76.1640       -10.5450        26.6510        55.6940 
UPC1 UPC2 06 21 077 19290        30.2370        31.4075        30.6820        29.8198        30.0851         0.0001         0.0000        76.1870       -10.4170        26.6190        55.7050 
UPC1 UPC2 06 21 077 19295        30.1040        31.4076        30.6140        29.8198        30.0856         0.0001         0.0000        76.2090       -10.2890        26.5870        55.7170 
UPC1 UPC2 06 21 077 19300        30.3830        31.4070        30.8550        29.8199        30.0864         0.0001         0.0000        76.2320       -10.1610        26.5550        55.7280 
UPC1 UPC2 06 21 077 19305        30.6200        31.4081        30.8100        29.8215        30.0869         0.0001         0.0000        76.2540       -10.0330        26.5230        55.7400 
UPC1 UPC2 06 21 077 19310        30.8220        31.4099        30.7230        29.8239        30.0876         0.0001         0.0000        76.2760        -9.9040        26.4910        55.7510 
UPC1 UPC2 06 21 077 19315        30.7860        31.4081        30.4350        29.8222        30.0882         0.0001         0.0000        76.2990        -9.7740        26.4590        55.7630 
UPC1 UPC2 06 21 077 19320        30.4030        31.4076        30.5990        29.8234        30.0889         0.0001         0.0000        76.3210        -9.6450        26.4270        55.7740 
UPC1 UPC2 06 21 077 19325        30.3870        31.4077        30.5670        29.8237        30.0894         0.0001         0.0000        76.3430        -9.5150        26.3950        55.7860 
UPC1 UPC2 06 21 077 19330        30.4190        31.4077        30.1110        29.8240        30.0901         0.0001         0.0000        76.3660        -9.3840        26.3630        55.7970 
UPC1 UPC2 06 21 077 19335        30.0270        31.4098        29.8180        29.8259        30.0907         0.0001         0.0000        76.3880        -9.2530        26.3310        55.8090 
UPC1 UPC2 06 21 077 19340        30.2850        31.4095        29.8290        29.8254        30.0914         0.0001         0.0000        76.4100        -9.1220        26.2990        55.8210 
UPC1 UPC2 06 21 077 19345        30.5030        31.4104        29.8810        29.8282        30.0920         0.0001         0.0000        76.4320        -8.9910        26.2670        55.8320 
UPC1 UPC2 06 21 077 19350        30.2620        31.4100        29.7420        29.8277        30.0927         0.0001         0.0000        76.4540        -8.8590        26.2360        55.8440 
UPC1 UPC2 06 21 077 19355        30.0260        31.4105        29.4950        29.8278        30.0932         0.0001         0.0000        76.4760        -8.7270        26.2040        55.8560 
UPC1 UPC2 06 21 077 19360        30.0420        31.4136        29.5300        29.8308        30.0939         0.0001         0.0000        76.4980        -8.5940        26.1720        55.8670 
UPC1 UPC2 06 21 077 19365        30.0720        31.4169        29.5360        29.8330        30.0945         0.0001         0.0000        76.5200        -8.4610        26.1400        55.8790 
UPC1 UPC2 06 21 077 19370        30.2040        31.4179        29.9510        29.8349        30.0951         0.0001         0.0000        76.5420        -8.3280        26.1080        55.8910 
UPC1 UPC2 06 21 077 19375        30.2530        31.4145        30.1890        29.8313        30.0957         0.0001         0.0000        76.5640        -8.1940        26.0760        55.9030 
UPC1 UPC2 06 21 077 19380        30.2190        31.4166        30.0090        29.8330        30.0963         0.0001         0.0000        76.5850        -8.0600        26.0440        55.9140 
UPC1 UPC2 06 21 077 19385        29.9400        31.4148        30.0090        29.8312        30.0968         0.0001         0.0000        76.6070        -7.9260        26.0120        55.9260 
UPC1 UPC2 06 21 077 19390        30.2810        31.4169        30.0310        29.8319        30.0976         0.0001         0.0000        76.6290        -7.7910        25.9800        55.9380 
UPC1 UPC2 06 21 077 19395        30.3160        31.4182        30.0820        29.8323        30.0982         0.0001         0.0000        76.6500        -7.6550        25.9490        55.9500 
UPC1 UPC2 06 21 077 19400        30.3800        31.4142        30.2590        29.8279        30.0987         0.0001         0.0000        76.6720        -7.5200        25.9170        55.9620 
UPC1 UPC2 06 21 077 19405        30.7000        31.4177        30.2660        29.8300        30.0994         0.0001         0.0000        76.6940        -7.3840        25.8850        55.9730 
UPC1 UPC2 06 21 077 19410        30.9850        31.4206        30.2710        29.8346        30.1000         0.0001         0.0000        76.7150        -7.2480        25.8530        55.9850 
UPC1 UPC2 06 21 077 19415        31.1290        31.4154        30.4360        29.8305        30.1007         0.0001         0.0000        76.7360        -7.1110        25.8210        55.9970 
UPC1 UPC2 06 21 077 19420        31.2400        31.4177        30.4510        29.8337        30.1013         0.0001         0.0000        76.7580        -6.9740        25.7890        56.0090 
UPC1 UPC2 06 21 077 19425        31.5260        31.4141        30.5000        29.8299        30.1019         0.0001         0.0000        76.7790        -6.8360        25.7570        56.0210 
UPC1 UPC2 06 21 077 19430        31.2550        31.4195        30.4450        29.8372        30.1025         0.0001         0.0000        76.8000        -6.6980        25.7260        56.0330 
UPC1 UPC2 06 21 077 19435        31.0840        31.4171        30.3360        29.8347        30.1031         0.0001         0.0000        76.8220        -6.5600        25.6940        56.0450 
UPC1 UPC2 06 21 077 19440        31.1060        31.4171        30.3280        29.8346        30.1038         0.0001         0.0000        76.8430        -6.4210        25.6620        56.0570 
UPC1 UPC2 06 21 077 19445        30.8950        31.4186        30.4360        29.8359        30.1042         0.0001         0.0000        76.8640        -6.2820        25.6300        56.0690 
UPC1 UPC2 06 21 077 19450        31.0300        31.4198        30.6890        29.8371        30.1049         0.0001         0.0000        76.8850        -6.1430        25.5980        56.0810 
UPC1 UPC2 06 21 077 19455        31.0440        31.4230        30.6740        29.8410        30.1055         0.0001         0.0000        76.9060        -6.0030        25.5670        56.0920 
UPC1 UPC2 06 21 077 19460        31.1090        31.4222        30.7480        29.8415        30.1061         0.0001         0.0000        76.9270        -5.8630        25.5350        56.1040 
UPC1 UPC2 06 21 077 19465        30.9770        31.4264        30.4500        29.8450        30.1067         0.0001         0.0000        76.9480        -5.7220        25.5030        56.1160 
UPC1 UPC2 06 21 077 19470        31.0400        31.4254        30.3850        29.8430        30.1074         0.0001         0.0000        76.9690        -5.5810        25.4710        56.1280 
UPC1 UPC2 06 21 077 19475        31.0990        31.4211        30.1130        29.8390        30.1079         0.0001         0.0000        76.9890        -5.4400        25.4390        56.1410 
UPC1 UPC2 06 21 077 19480        31.1470        31.4271        29.9970        29.8452        30.1085         0.0001         0.0000        77.0100        -5.2980        25.4080        56.1530 
UPC1 UPC2 06 21 077 19485        31.1040        31.4208        30.0560        29.8391        30.1091         0.0001         0.0000        77.0310        -5.1560        25.3760        56.1650 
UPC1 UPC2 06 21 077 19490        30.9650        31.4275        29.9450        29.8459        30.1098         0.0001         0.0000        77.0510        -5.0130        25.3440        56.1770 
UPC1 UPC2 06 21 077 19495        31.1430        31.4319        29.8820        29.8503        30.1103         0.0001         0.0000        77.0720        -4.8700        25.3120        56.1890 
UPC1 UPC2 06 21 077 19500        31.2220        31.4309        29.6310        29.8487        30.1110         0.0001         0.0000        77.0920        -4.7270        25.2810        56.2010 
UPC1 UPC2 06 21 077 19505        31.1070        31.4320        29.5160        29.8505        30.1115         0.0001         0.0000        77.1130        -4.5830        25.2490        56.2130 
UPC1 UPC2 06 21 077 19510        31.0130        31.4326        29.7560        29.8508        30.1121         0.0001         0.0000        77.1330        -4.4390        25.2170        56.2250 
UPC1 UPC2 06 21 077 19515        31.0230        31.4272        29.3860        29.8446        30.1128         0.0001         0.0000        77.1540        -4.2940        25.1850        56.2370 
UPC1 UPC2 06 21 077 19520        30.7650        31.4314        29.3400        29.8486        30.1132         0.0001         0.0000        77.1740        -4.1490        25.1540        56.2490 
UPC1 UPC2 06 21 077 19525        30.8470        31.4266        29.2040        29.8442        30.1139         0.0001         0.0000        77.1940        -4.0040        25.1220        56.2620 
UPC1 UPC2 06 21 077 19530        30.8700        31.4292        29.2750        29.8480        30.1144         0.0001         0.0000        77.2140        -3.8580        25.0900        56.2740 
UPC1 UPC2 06 21 077 19535        31.0090        31.4319        29.4900        29.8505        30.1150         0.0001         0.0000        77.2340        -3.7120        25.0590        56.2860 
UPC1 UPC2 06 21 077 19540        31.0990        31.4360        29.4820        29.8544        30.1157         0.0001         0.0000        77.2550        -3.5650        25.0270        56.2980 
UPC1 UPC2 06 21 077 19545        31.1080        31.4370        29.4430        29.8566        30.1163         0.0001         0.0000        77.2750        -3.4180        24.9950        56.3110 
UPC1 UPC2 06 21 077 19550        31.0180        31.4352        29.3890        29.8547        30.1169         0.0001         0.0000        77.2940        -3.2710        24.9640        56.3230 
UPC1 UPC2 06 21 077 19555        30.8850        31.4399        29.5870        29.8586        30.1174         0.0001         0.0000        77.3140        -3.1230        24.9320        56.3350 
UPC1 UPC2 06 21 077 19560        30.5590        31.4361        29.6150        29.8547        30.1181         0.0001         0.0000        77.3340        -2.9750        24.9000        56.3470 
UPC1 UPC2 06 21 077 19565        30.6920        31.4359        29.8570        29.8533        30.1186         0.0001         0.0000        77.3540        -2.8260        24.8690        56.3600 
UPC1 UPC2 06 21 077 19570        30.6300        31.4361        29.9670        29.8523        30.1192         0.0001         0.0000        77.3740        -2.6770        24.8370        56.3720 
UPC1 UPC2 06 21 077 19575        30.6850        31.4331        30.2520        29.8497        30.1198         0.0001         0.0000        77.3930        -2.5280        24.8050        56.3840 
UPC1 UPC2 06 21 077 19580        30.6530        31.4361        30.3680        29.8542        30.1204         0.0001         0.0000        77.4130        -2.3780        24.7740        56.3970 
UPC1 UPC2 06 21 077 19585        31.0380        31.4378        30.6610        29.8552        30.1209         0.0001         0.0000        77.4320        -2.2270        24.7420        56.4090 
UPC1 UPC2 06 21 077 19590        31.1550        31.4402        30.7280        29.8570        30.1215         0.0001         0.0000        77.4520        -2.0770        24.7100        56.4210 
UPC1 UPC2 06 21 077 19595        31.2330        31.4354        30.8480        29.8554        30.1221         0.0001         0.0000        77.4710        -1.9260        24.6790        56.4340 
UPC1 UPC2 06 21 077 19600        31.1750        31.4448        30.8180        29.8663        30.1227         0.0001         0.0000        77.4910        -1.7740        24.6470        56.4460 
UPC1 UPC2 06 21 077 19605        31.0770        31.4464        30.7870        29.8687        30.1233         0.0001         0.0000        77.5100        -1.6220        24.6150        56.4580 
UPC1 UPC2 06 21 077 19610        31.4290        31.4433        30.7210        29.8637        30.1239         0.0001         0.0000        77.5290        -1.4700        24.5840        56.4710 
UPC1 UPC2 06 21 077 19615        30.9310        31.4457        30.4570        29.8654        30.1245         0.0001         0.0000        77.5480        -1.3170        24.5520        56.4830 
UPC1 UPC2 06 21 077 19620        30.4730        31.4468        30.4900        29.8650        30.1251         0.0001         0.0000        77.5670        -1.1640        24.5210        56.4960 
UPC1 UPC2 06 21 077 19625        30.7220        31.4487        30.6260        29.8669        30.1256         0.0001         0.0000        77.5860        -1.0100        24.4890        56.5080 
UPC1 UPC2 06 21 077 19630        30.5890        31.4543        30.4700        29.8719        30.1262         0.0001         0.0000        77.6050        -0.8560        24.4570        56.5210 
UPC1 UPC2 06 21 077 19635        30.5740        31.4500        30.4510        29.8674        30.1267         0.0001         0.0000        77.6240        -0.7020        24.4260        56.5330 
UPC1 UPC2 06 21 077 19640        30.7080        31.4470        30.4060        29.8623        30.1274         0.0001         0.0000        77.6430        -0.5470        24.3940        56.5460 
UPC1 UPC2 06 21 077 19645        30.4430        31.4511        30.5310        29.8677        30.1279         0.0001         0.0000        77.6620        -0.3920        24.3630        56.5580 
UPC1 UPC2 06 21 077 19650        27.4720        28.5642        27.4500        26.9807        27.2437         0.0001         0.0000        77.6810        -0.2360        24.3310        56.5710 
UPC1 UPC2 06 21 077 19655        27.4960        28.5677        27.5070        26.9855        27.2455         0.0001         0.0000        77.6990        -0.0800        24.2990        56.5830 
UPC1 UPC2 06 21 077 19660        27.6720        28.5696        27.2930        26.9865        27.2470         0.0001         0.0000        77.7180         0.0770        24.2680        56.5960 
UPC1 UPC2 06 21 077 19665        27.3640        28.5663        27.4170        26.9835        27.2488         0.0001         0.0000        77.7360         0.2340        24.2360        56.6080 
UPC1 UPC2 06 21 077 19670        27.3060        28.5669        27.1740        26.9850        27.2504         0.0001         0.0000        77.7550         0.3910        24.2050        56.6210 
UPC1 UPC2 06 21 077 19675        27.3920        28.5739        26.9680        26.9929        27.2521         0.0001         0.0000        77.7730         0.5490        24.1730        56.6340 
UPC1 UPC2 06 21 077 19680        27.3620        28.5782        26.8470        26.9972        27.2539         0.0001         0.0000        77.7910         0.7070        24.1420        56.6460 
UPC1 UPC2 06 21 077 19685        27.4960        28.5760        26.8270        26.9948        27.2555         0.0001         0.0000        77.8100         0.8660        24.1100        56.6590 
UPC1 UPC2 06 21 077 19690        27.3900        28.5812        26.5480        26.9998        27.2572         0.0001         0.0000        77.8280         1.0250        24.0790        56.6710 
UPC1 UPC2 06 21 077 19695        27.3780        28.5825        26.4950        27.0006        27.2588         0.0001         0.0000        77.8460         1.1840        24.0470        56.6840 
UPC1 UPC2 06 21 077 19700        27.4160        28.5811        26.5830        27.0019        27.2605         0.0001         0.0000        77.8640         1.3440        24.0160        56.6970 
UPC1 UPC2 06 21 077 19705        27.5380        28.5850        26.7590        27.0057        27.2622         0.0001         0.0000        77.8820         1.5040        23.9840        56.7090 
UPC1 UPC2 06 21 077 19710        27.4500        28.5865        26.8710        27.0072        27.2639         0.0001         0.0000        77.9000         1.6650        23.9530        56.7220 
UPC1 UPC2 06 21 077 19715        27.5070        28.5859        26.9700        27.0062        27.2656         0.0001         0.0000        77.9180         1.8260        23.9210        56.7350 
UPC1 UPC2 06 21 077 19720        27.6100        28.5920        27.0160        27.0123        27.2672         0.0001         0.0000        77.9350         1.9880        23.8900        56.7480 
UPC1 UPC2 06 21 077 19725        27.8630        28.5892        27.0900        27.0092        27.2689         0.0001         0.0000        77.9530         2.1500        23.8580        56.7600 
UPC1 UPC2 06 21 077 19730        27.6860        28.5951        26.9390        27.0152        27.2707         0.0001         0.0000        77.9710         2.3130        23.8270        56.7730 
UPC1 UPC2 06 21 077 19735        27.7570        28.5947        27.0860        27.0131        27.2723         0.0001         0.0000        77.9880         2.4750        23.7950        56.7860 
UPC1 UPC2 06 21 077 19740        27.5660        28.5954        27.0510        27.0131        27.2739         0.0001         0.0000        78.0060         2.6390        23.7640        56.7990 
UPC1 UPC2 06 21 077 19745        27.7320        28.6071        27.1500        27.0231        27.2756         0.0001         0.0000        78.0230         2.8030        23.7320        56.8110 
UPC1 UPC2 06 21 077 19750        27.8180        28.6057        27.0420        27.0212        27.2774         0.0001         0.0000        78.0410         2.9670        23.7010        56.8240 
UPC1 UPC2 06 21 077 19755        27.9430        28.6024        26.6920        27.0175        27.2791         0.0001         0.0000        78.0580         3.1310        23.6690        56.8370 
UPC1 UPC2 06 21 077 19760        28.1900        28.6059        26.8320        27.0211        27.2809         0.0001         0.0000        78.0750         3.2960        23.6380        56.8500 
UPC1 UPC2 06 21 077 19765        27.9180        28.6061        26.7060        27.0221        27.2825         0.0001         0.0000        78.0920         3.4620        23.6070        56.8630 
UPC1 UPC2 06 21 077 19770        27.6110        28.6116        26.4790        27.0277        27.2843         0.0001         0.0000        78.1090         3.6280        23.5750        56.8760 
UPC1 UPC2 06 21 077 19775        27.4710        28.6052        26.6210        27.0231        27.2859         0.0001         0.0000        78.1260         3.7940        23.5440        56.8880 
UPC1 UPC2 06 21 077 19780        27.2990        28.6078        26.5750        27.0262        27.2876         0.0001         0.0000        78.1430         3.9610        23.5120        56.9010 
UPC1 UPC2 06 21 077 19785        27.4150        28.6135        26.5580        27.0330        27.2892         0.0001         0.0000        78.1600         4.1280        23.4810        56.9140 
UPC1 UPC2 06 21 077 19790        27.4610        28.6135        26.5460        27.0330        27.2908         0.0001         0.0000        78.1770         4.2960        23.4490        56.9270 
UPC1 UPC2 06 21 077 19795        27.3580        28.6106        26.4300        27.0301        27.2926         0.0001         0.0000        78.1930         4.4640        23.4180        56.9400 
UPC1 UPC2 06 21 077 19800        27.5360        28.6134        26.6650        27.0340        27.2944         0.0001         0.0000        78.2100         4.6320        23.3870        56.9530 
UPC1 UPC2 06 21 077 19805        27.6900        28.6198        26.5860        27.0406        27.2961         0.0001         0.0000        78.2260         4.8010        23.3550        56.9660 
UPC1 UPC2 06 21 077 19810        27.3600        28.6177        26.6860        27.0383        27.2978         0.0001         0.0000        78.2430         4.9700        23.3240        56.9790 
UPC1 UPC2 06 21 077 19815        27.2860        28.6150        26.5960        27.0374        27.2995         0.0001         0.0000        78.2590         5.1400        23.2920        56.9920 
UPC1 UPC2 06 21 077 19820        27.6930        28.6173        26.8620        27.0411        27.3012         0.0001         0.0000        78.2760         5.3100        23.2610        57.0050 
UPC1 UPC2 06 21 077 19825        27.6840        28.6179        27.0380        27.0426        27.3028         0.0001         0.0000        78.2920         5.4810        23.2300        57.0180 
UPC1 UPC2 06 21 077 19830        27.7890        28.6184        26.9080        27.0443        27.3047         0.0001         0.0000        78.3080         5.6520        23.1980        57.0310 
UPC1 UPC2 06 21 077 19835        28.0820        28.6210        26.7920        27.0454        27.3063         0.0001         0.0000        78.3240         5.8230        23.1670        57.0440 
UPC1 UPC2 06 21 077 19840        27.7110        28.6250        26.9000        27.0507        27.3079         0.0001         0.0000        78.3400         5.9950        23.1360        57.0570 
UPC1 UPC2 06 21 077 19845        28.2260        28.6277        26.8680        27.0527        27.3096         0.0001         0.0000        78.3560         6.1680        23.1040        57.0700 
UPC1 UPC2 06 21 077 19850        28.1330        28.6291        26.7020        27.0535        27.3115         0.0001         0.0000        78.3720         6.3400        23.0730        57.0830 
UPC1 UPC2 06 21 077 19855        28.4210        28.6253        26.8590        27.0492        27.3131         0.0001         0.0000        78.3880         6.5140        23.0420        57.0960 
UPC1 UPC2 06 21 077 19860        28.3900        28.6245        26.5700        27.0477        27.3149         0.0001         0.0000        78.4030         6.6870        23.0100        57.1090 
UPC1 UPC2 06 21 077 19865        28.0850        28.6274        26.8770        27.0509        27.3166         0.0001         0.0000        78.4190         6.8610        22.9790        57.1230 
UPC1 UPC2 06 21 077 19870        28.0320        28.6309        26.8530        27.0541        27.3183         0.0001         0.0000        78.4340         7.0360        22.9480        57.1360 
UPC1 UPC2 06 21 077 19875        27.7790        28.6373        27.0890        27.0587        27.3200         0.0001         0.0000        78.4500         7.2100        22.9160        57.1490 
UPC1 UPC2 06 21 077 19880        27.9060        28.6372        27.4380        27.0575        27.3217         0.0001         0.0000        78.4650         7.3860        22.8850        57.1620 
UPC1 UPC2 06 21 077 19885        27.9440        28.6372        27.4400        27.0555        27.3234         0.0001         0.0000        78.4800         7.5620        22.8540        57.1750 
UPC1 UPC2 06 21 077 19890        27.8160        28.6414        27.1180        27.0595        27.3250         0.0001         0.0000        78.4960         7.7380        22.8220        57.1880 
UPC1 UPC2 06 21 077 19895        27.8180        28.6411        26.8200        27.0597        27.3270         0.0001         0.0000        78.5110         7.9140        22.7910        57.2010 
UPC1 UPC2 06 21 077 19900        27.9880        28.6434        26.6400        27.0613        27.3286         0.0001         0.0000        78.5260         8.0910        22.7600        57.2150 
