UPC1 UPC2 06 18 077 18000        21.6520        21.4731        21.9870        22.1465        21.6683         0.0000         0.0000        69.4240       -34.5100        41.9680        80.1030 
UPC1 UPC2 06 18 077 18005        21.7980        21.4787        21.7750        22.1514        21.6711         0.0000         0.0000        69.4520       -34.4410        41.9650        80.0530 
UPC1 UPC2 06 18 077 18010        21.6310        21.4836        21.8880        22.1545        21.6738         0.0000         0.0000        69.4810       -34.3720        41.9630        80.0030 
UPC1 UPC2 06 18 077 18015        21.7980        21.4866        21.7850        22.1565        21.6765         0.0000         0.0000        69.5090       -34.3030        41.9600        79.9540 
UPC1 UPC2 06 18 077 18020        21.7680        21.4907        21.6740        22.1602        21.6794         0.0000         0.0000        69.5380       -34.2330        41.9580        79.9040 
UPC1 UPC2 06 18 077 18025        21.6800        21.4895        21.5890        22.1582        21.6821         0.0000         0.0000        69.5660       -34.1640        41.9550        79.8540 
UPC1 UPC2 06 18 077 18030        21.8550        21.4924        21.6110        22.1612        21.6849         0.0000         0.0000        69.5940       -34.0940        41.9520        79.8040 
UPC1 UPC2 06 18 077 18035        22.0790        21.4948        21.6940        22.1642        21.6876         0.0000         0.0000        69.6230       -34.0250        41.9500        79.7550 
UPC1 UPC2 06 18 077 18040        22.0780        21.4960        21.7660        22.1660        21.6905         0.0000         0.0000        69.6510       -33.9550        41.9470        79.7050 
UPC1 UPC2 06 18 077 18045        21.9570        21.4961        21.7480        22.1662        21.6932         0.0000         0.0000        69.6790       -33.8850        41.9440        79.6550 
UPC1 UPC2 06 18 077 18050        21.7140        21.5020        21.6110        22.1738        21.6961         0.0000         0.0000        69.7080       -33.8150        41.9410        79.6050 
UPC1 UPC2 06 18 077 18055        21.5250        21.5053        21.5260        22.1785        21.6990         0.0000         0.0000        69.7360       -33.7440        41.9380        79.5560 
UPC1 UPC2 06 18 077 18060        21.3150        21.5072        21.5260        22.1802        21.7019         0.0000         0.0000        69.7640       -33.6740        41.9350        79.5060 
UPC1 UPC2 06 18 077 18065        21.1400        21.5057        21.1110        22.1788        21.7048         0.0000         0.0000        69.7920       -33.6030        41.9320        79.4560 
UPC1 UPC2 06 18 077 18070        21.0750        21.5146        20.9850        22.1875        21.7076         0.0000         0.0000        69.8210       -33.5330        41.9290        79.4070 
UPC1 UPC2 06 18 077 18075        20.8720        21.5169        20.9550        22.1892        21.7105         0.0000         0.0000        69.8490       -33.4620        41.9260        79.3570 
UPC1 UPC2 06 18 077 18080        20.7480        21.5179        21.3090        22.1892        21.7134         0.0000         0.0000        69.8770       -33.3910        41.9230        79.3080 
UPC1 UPC2 06 18 077 18085        20.7070        21.5230        21.0740        22.1933        21.7163         0.0000         0.0000        69.9050       -33.3200        41.9200        79.2580 
UPC1 UPC2 06 18 077 18090        20.8280        21.5243        21.1500        22.1928        21.7193         0.0000         0.0000        69.9340       -33.2490        41.9170        79.2080 
UPC1 UPC2 06 18 077 18095        21.2320        21.5280        20.9480        22.1967        21.7222         0.0000         0.0000        69.9620       -33.1770        41.9140        79.1590 
UPC1 UPC2 06 18 077 18100        21.4170        21.5289        21.1810        22.1982        21.7251         0.0000         0.0000        69.9900       -33.1060        41.9100        79.1090 
UPC1 UPC2 06 18 077 18105        21.6910        21.5310        21.1730        22.2007        21.7280         0.0000         0.0000        70.0180       -33.0340        41.9070        79.0600 
UPC1 UPC2 06 18 077 18110        21.6730        21.5320        21.2880        22.2034        21.7310         0.0000         0.0000        70.0460       -32.9620        41.9040        79.0100 
UPC1 UPC2 06 18 077 18115        21.9380        21.5364        21.5790        22.2087        21.7339         0.0000         0.0000        70.0750       -32.8900        41.9000        78.9610 
UPC1 UPC2 06 18 077 18120        22.0210        21.5374        21.4540        22.2112        21.7370         0.0000         0.0000        70.1030       -32.8180        41.8970        78.9110 
UPC1 UPC2 06 18 077 18125        21.9020        21.5403        21.4510        22.2149        21.7401         0.0000         0.0000        70.1310       -32.7460        41.8930        78.8620 
UPC1 UPC2 06 18 077 18130        21.7010        21.5456        21.4200        22.2207        21.7431         0.0000         0.0000        70.1590       -32.6740        41.8900        78.8120 
UPC1 UPC2 06 18 077 18135        21.6890        21.5483        21.5060        22.2234        21.7461         0.0000         0.0000        70.1870       -32.6010        41.8860        78.7630 
UPC1 UPC2 06 18 077 18140        21.6900        21.5531        21.4900        22.2280        21.7492         0.0000         0.0000        70.2150       -32.5290        41.8830        78.7130 
UPC1 UPC2 06 18 077 18145        21.7120        21.5558        21.6020        22.2302        21.7522         0.0000         0.0000        70.2430       -32.4560        41.8790        78.6640 
UPC1 UPC2 06 18 077 18150        21.8420        21.5591        21.8450        22.2334        21.7553         0.0000         0.0000        70.2720       -32.3830        41.8750        78.6140 
UPC1 UPC2 06 18 077 18155        21.4410        21.5632        21.9950        22.2363        21.7584         0.0000         0.0000        70.3000       -32.3100        41.8710        78.5650 
UPC1 UPC2 06 18 077 18160        21.4030        21.5677        21.6900        22.2405        21.7614         0.0000         0.0000        70.3280       -32.2360        41.8680        78.5150 
UPC1 UPC2 06 18 077 18165        21.1050        21.5704        21.5070        22.2420        21.7646         0.0000         0.0000        70.3560       -32.1630        41.8640        78.4660 
UPC1 UPC2 06 18 077 18170        20.7980        21.5717        21.4210        22.2429        21.7676         0.0000         0.0000        70.3840       -32.0900        41.8600        78.4170 
UPC1 UPC2 06 18 077 18175        21.1080        21.5753        21.4730        22.2462        21.7708         0.0000         0.0000        70.4120       -32.0160        41.8560        78.3670 
UPC1 UPC2 06 18 077 18180        21.0920        21.5757        21.4820        22.2466        21.7739         0.0000         0.0000        70.4400       -31.9420        41.8520        78.3180 
UPC1 UPC2 06 18 077 18185        21.1570        21.5799        20.9830        22.2509        21.7772         0.0000         0.0000        70.4680       -31.8680        41.8480        78.2690 
UPC1 UPC2 06 18 077 18190        21.2060        21.5827        21.1020        22.2546        21.7803         0.0000         0.0000        70.4960       -31.7940        41.8440        78.2190 
UPC1 UPC2 06 18 077 18195        21.4450        21.5874        20.7170        22.2590        21.7835         0.0000         0.0000        70.5240       -31.7200        41.8400        78.1700 
UPC1 UPC2 06 18 077 18200        21.5650        21.5904        20.4180        22.2609        21.7866         0.0000         0.0000        70.5520       -31.6450        41.8360        78.1210 
UPC1 UPC2 06 18 077 18205        21.6630        21.5907        20.3510        22.2610        21.7899         0.0000         0.0000        70.5800       -31.5710        41.8320        78.0720 
UPC1 UPC2 06 18 077 18210        21.4950        21.5956        20.2140        22.2664        21.7931         0.0000         0.0000        70.6080       -31.4960        41.8270        78.0220 
UPC1 UPC2 06 18 077 18215        21.2460        21.5990        20.7060        22.2698        21.7964         0.0000         0.0000        70.6360       -31.4210        41.8230        77.9730 
UPC1 UPC2 06 18 077 18220        21.0160        21.6006        20.8050        22.2714        21.7995         0.0000         0.0000        70.6640       -31.3460        41.8190        77.9240 
UPC1 UPC2 06 18 077 18225        21.0690        21.6057        21.1360        22.2768        21.8028         0.0000         0.0000        70.6920       -31.2710        41.8150        77.8750 
UPC1 UPC2 06 18 077 18230        21.1390        21.6060        21.0920        22.2780        21.8060         0.0000         0.0000        70.7200       -31.1950        41.8100        77.8260 
UPC1 UPC2 06 18 077 18235        21.5370        21.6120        21.2620        22.2845        21.8092         0.0000         0.0000        70.7480       -31.1200        41.8060        77.7760 
UPC1 UPC2 06 18 077 18240        21.6600        21.6124        21.2960        22.2856        21.8126         0.0000         0.0000        70.7750       -31.0440        41.8010        77.7270 
UPC1 UPC2 06 18 077 18245        21.6890        21.6185        21.5350        22.2918        21.8160         0.0000         0.0000        70.8030       -30.9680        41.7970        77.6780 
UPC1 UPC2 06 18 077 18250        21.5170        21.6215        21.5810        22.2957        21.8193         0.0000         0.0000        70.8310       -30.8920        41.7920        77.6290 
UPC1 UPC2 06 18 077 18255        21.3020        21.6235        21.9060        22.2974        21.8225         0.0000         0.0000        70.8590       -30.8160        41.7880        77.5800 
UPC1 UPC2 06 18 077 18260        21.3270        21.6294        21.8600        22.3027        21.8259         0.0000         0.0000        70.8870       -30.7400        41.7830        77.5310 
UPC1 UPC2 06 18 077 18265        21.0370        21.6318        22.0840        22.3051        21.8292         0.0000         0.0000        70.9150       -30.6630        41.7780        77.4820 
UPC1 UPC2 06 18 077 18270        20.9900        21.6387        22.2260        22.3113        21.8327         0.0000         0.0000        70.9420       -30.5870        41.7740        77.4330 
UPC1 UPC2 06 18 077 18275        21.0760        21.6396        21.9470        22.3111        21.8359         0.0000         0.0000        70.9700       -30.5100        41.7690        77.3840 
UPC1 UPC2 06 18 077 18280        21.3070        21.6425        22.1520        22.3142        21.8392         0.0000         0.0000        70.9980       -30.4330        41.7640        77.3350 
UPC1 UPC2 06 18 077 18285        21.3350        21.6444        22.0660        22.3167        21.8426         0.0000         0.0000        71.0260       -30.3560        41.7590        77.2860 
UPC1 UPC2 06 18 077 18290        21.5300        21.6515        22.0400        22.3248        21.8461         0.0000         0.0000        71.0540       -30.2780        41.7540        77.2370 
UPC1 UPC2 06 18 077 18295        21.6520        21.6528        22.0020        22.3259        21.8496         0.0000         0.0000        71.0810       -30.2010        41.7490        77.1880 
UPC1 UPC2 06 18 077 18300        22.0240        21.6570        21.9370        22.3293        21.8531         0.0001         0.0000        71.1090       -30.1230        41.7440        77.1390 
UPC1 UPC2 06 18 077 18305        22.0010        21.6576        21.7100        22.3309        21.8564         0.0000         0.0000        71.1370       -30.0460        41.7390        77.0900 
UPC1 UPC2 06 18 077 18310        21.8490        21.6617        21.6790        22.3355        21.8598         0.0000         0.0000        71.1640       -29.9680        41.7340        77.0410 
UPC1 UPC2 06 18 077 18315        21.8910        21.6657        21.5070        22.3399        21.8633         0.0000         0.0000        71.1920       -29.8890        41.7290        76.9920 
UPC1 UPC2 06 18 077 18320        21.5790        21.6702        21.5880        22.3440        21.8668         0.0000         0.0000        71.2200       -29.8110        41.7240        76.9430 
UPC1 UPC2 06 18 077 18325        21.4420        21.6728        21.4690        22.3461        21.8704         0.0001         0.0000        71.2480       -29.7330        41.7190        76.8940 
UPC1 UPC2 06 18 077 18330        21.5470        21.6783        21.3320        22.3511        21.8737         0.0000         0.0000        71.2750       -29.6540        41.7140        76.8460 
UPC1 UPC2 06 18 077 18335        21.5950        21.6833        21.2760        22.3558        21.8774         0.0000         0.0000        71.3030       -29.5750        41.7080        76.7970 
UPC1 UPC2 06 18 077 18340        21.7440        21.6873        20.9890        22.3587        21.8808         0.0000         0.0000        71.3300       -29.4960        41.7030        76.7480 
UPC1 UPC2 06 18 077 18345        21.7490        21.6935        20.9840        22.3641        21.8844         0.0000         0.0000        71.3580       -29.4170        41.6980        76.6990 
UPC1 UPC2 06 18 077 18350        21.8730        21.6952        20.8710        22.3656        21.8880         0.0000         0.0000        71.3860       -29.3380        41.6920        76.6500 
UPC1 UPC2 06 18 077 18355        21.6770        21.6988        20.9770        22.3677        21.8916         0.0000         0.0000        71.4130       -29.2580        41.6870        76.6020 
UPC1 UPC2 06 18 077 18360        21.6840        21.7029        20.9810        22.3716        21.8951         0.0000         0.0000        71.4410       -29.1790        41.6810        76.5530 
UPC1 UPC2 06 18 077 18365        21.9540        21.7049        21.0740        22.3739        21.8987         0.0000         0.0000        71.4680       -29.0990        41.6760        76.5040 
UPC1 UPC2 06 18 077 18370        22.2530        21.7084        21.1110        22.3770        21.9023         0.0000         0.0000        71.4960       -29.0190        41.6700        76.4560 
UPC1 UPC2 06 18 077 18375        22.4550        21.7127        21.0450        22.3814        21.9060         0.0000         0.0000        71.5230       -28.9390        41.6650        76.4070 
UPC1 UPC2 06 18 077 18380        22.4170        21.7159        21.2230        22.3852        21.9096         0.0000         0.0000        71.5510       -28.8580        41.6590        76.3580 
UPC1 UPC2 06 18 077 18385        22.2430        21.7157        21.5230        22.3857        21.9131         0.0000         0.0000        71.5780       -28.7780        41.6530        76.3100 
UPC1 UPC2 06 18 077 18390        22.1840        21.7209        21.5080        22.3907        21.9168         0.0000         0.0000        71.6060       -28.6970        41.6480        76.2610 
UPC1 UPC2 06 18 077 18395        22.0180        21.7230        21.7670        22.3933        21.9205         0.0000         0.0000        71.6330       -28.6160        41.6420        76.2130 
UPC1 UPC2 06 18 077 18400        21.9320        21.7276        21.5600        22.3982        21.9242         0.0000         0.0000        71.6610       -28.5350        41.6360        76.1640 
UPC1 UPC2 06 18 077 18405        21.7100        21.7304        21.7610        22.4024        21.9279         0.0000         0.0000        71.6880       -28.4540        41.6300        76.1150 
UPC1 UPC2 06 18 077 18410        21.4200        21.7317        21.8600        22.4050        21.9316         0.0000         0.0000        71.7160       -28.3730        41.6240        76.0670 
UPC1 UPC2 06 18 077 18415        21.3060        21.7384        22.0000        22.4124        21.9351         0.0000         0.0000        71.7430       -28.2910        41.6180        76.0180 
UPC1 UPC2 06 18 077 18420        21.2380        21.7415        21.5550        22.4166        21.9389         0.0000         0.0000        71.7700       -28.2090        41.6120        75.9700 
UPC1 UPC2 06 18 077 18425        21.4070        21.7464        21.6050        22.4214        21.9426         0.0000         0.0000        71.7980       -28.1270        41.6060        75.9210 
UPC1 UPC2 06 18 077 18430        21.4950        21.7519        21.7980        22.4283        21.9464         0.0000         0.0000        71.8250       -28.0450        41.6000        75.8730 
UPC1 UPC2 06 18 077 18435        21.5680        21.7496        21.7540        22.4263        21.9501         0.0000         0.0000        71.8520       -27.9630        41.5940        75.8250 
UPC1 UPC2 06 18 077 18440        21.3000        21.7543        22.0230        22.4324        21.9539         0.0000         0.0000        71.8800       -27.8800        41.5880        75.7760 
UPC1 UPC2 06 18 077 18445        21.5160        21.7580        22.1010        22.4371        21.9577         0.0000         0.0000        71.9070       -27.7970        41.5820        75.7280 
UPC1 UPC2 06 18 077 18450        21.6010        21.7598        22.4510        22.4385        21.9615         0.0000         0.0000        71.9340       -27.7150        41.5760        75.6790 
UPC1 UPC2 06 18 077 18455        21.7860        21.7629        22.5320        22.4417        21.9653         0.0000         0.0000        71.9620       -27.6310        41.5690        75.6310 
UPC1 UPC2 06 18 077 18460        21.9350        21.7674        22.5460        22.4470        21.9691         0.0000         0.0000        71.9890       -27.5480        41.5630        75.5830 
UPC1 UPC2 06 18 077 18465        21.8840        21.7700        22.4690        22.4502        21.9728         0.0000         0.0000        72.0160       -27.4650        41.5570        75.5340 
UPC1 UPC2 06 18 077 18470        21.8980        21.7767        22.2520        22.4581        21.9768         0.0000         0.0000        72.0430       -27.3810        41.5500        75.4860 
UPC1 UPC2 06 18 077 18475        21.7930        21.7797        22.1190        22.4615        21.9806         0.0000         0.0000        72.0710       -27.2970        41.5440        75.4380 
UPC1 UPC2 06 18 077 18480        21.5500        21.7883        21.9270        22.4693        21.9845         0.0000         0.0000        72.0980       -27.2130        41.5370        75.3900 
UPC1 UPC2 06 18 077 18485        21.7020        21.7903        21.6750        22.4703        21.9884         0.0000         0.0000        72.1250       -27.1290        41.5310        75.3420 
UPC1 UPC2 06 18 077 18490        21.8120        21.7927        21.3790        22.4723        21.9922         0.0000         0.0000        72.1520       -27.0450        41.5240        75.2930 
UPC1 UPC2 06 18 077 18495        21.8580        21.7981        21.3910        22.4777        21.9963         0.0000         0.0000        72.1790       -26.9600        41.5180        75.2450 
UPC1 UPC2 06 18 077 18500        21.8890        21.8029        21.3470        22.4822        22.0001         0.0000         0.0000        72.2060       -26.8750        41.5110        75.1970 
UPC1 UPC2 06 18 077 18505        21.8390        21.8042        21.6060        22.4832        22.0041         0.0000         0.0000        72.2330       -26.7900        41.5040        75.1490 
UPC1 UPC2 06 18 077 18510        21.8030        21.8092        21.7520        22.4885        22.0080         0.0000         0.0000        72.2610       -26.7050        41.4980        75.1010 
UPC1 UPC2 06 18 077 18515        21.5740        21.8141        21.9940        22.4923        22.0119         0.0000         0.0000        72.2880       -26.6190        41.4910        75.0530 
UPC1 UPC2 06 18 077 18520        21.7150        21.8170        21.9850        22.4952        22.0159         0.0000         0.0000        72.3150       -26.5340        41.4840        75.0050 
UPC1 UPC2 06 18 077 18525        21.5150        21.8208        22.1010        22.4986        22.0198         0.0000         0.0000        72.3420       -26.4480        41.4770        74.9570 
UPC1 UPC2 06 18 077 18530        21.4790        21.8258        22.0360        22.5030        22.0238         0.0000         0.0000        72.3690       -26.3620        41.4700        74.9090 
UPC1 UPC2 06 18 077 18535        21.2780        21.8287        22.0150        22.5054        22.0278         0.0000         0.0000        72.3960       -26.2760        41.4630        74.8610 
UPC1 UPC2 06 18 077 18540        21.1970        21.8331        22.0750        22.5094        22.0319         0.0001         0.0000        72.4230       -26.1900        41.4560        74.8130 
UPC1 UPC2 06 18 077 18545        21.1610        21.8389        21.9370        22.5152        22.0359         0.0000         0.0000        72.4500       -26.1030        41.4490        74.7650 
UPC1 UPC2 06 18 077 18550        21.1110        21.8435        22.1140        22.5193        22.0398         0.0000         0.0000        72.4770       -26.0160        41.4420        74.7170 
UPC1 UPC2 06 18 077 18555        21.2580        21.8489        22.1960        22.5245        22.0438         0.0000         0.0000        72.5040       -25.9290        41.4350        74.6690 
UPC1 UPC2 06 18 077 18560        21.3720        21.8503        22.3780        22.5255        22.0479         0.0000         0.0000        72.5300       -25.8420        41.4280        74.6210 
UPC1 UPC2 06 18 077 18565        21.7690        21.8532        22.5710        22.5285        22.0520         0.0000         0.0000        72.5570       -25.7550        41.4210        74.5730 
UPC1 UPC2 06 18 077 18570        21.7560        21.8556        22.8630        22.5321        22.0561         0.0000         0.0000        72.5840       -25.6670        41.4140        74.5250 
UPC1 UPC2 06 18 077 18575        21.6220        21.8637        22.6710        22.5399        22.0602         0.0000         0.0000        72.6110       -25.5790        41.4060        74.4770 
UPC1 UPC2 06 18 077 18580        21.6600        21.8661        22.4120        22.5423        22.0644         0.0000         0.0000        72.6380       -25.4910        41.3990        74.4300 
UPC1 UPC2 06 18 077 18585        21.7430        21.8698        22.4110        22.5464        22.0684         0.0000         0.0000        72.6650       -25.4030        41.3920        74.3820 
UPC1 UPC2 06 18 077 18590        21.7040        21.8729        22.5040        22.5502        22.0724         0.0000         0.0000        72.6910       -25.3140        41.3840        74.3340 
UPC1 UPC2 06 18 077 18595        21.6490        21.8801        22.2750        22.5574        22.0766         0.0000         0.0000        72.7180       -25.2260        41.3770        74.2860 
UPC1 UPC2 06 18 077 18600        21.6820        21.8832        22.2810        22.5611        22.0809         0.0000         0.0000        72.7450       -25.1370        41.3700        74.2390 
UPC1 UPC2 06 18 077 18605        21.8440        21.8868        22.1840        22.5659        22.0850         0.0000         0.0000        72.7720       -25.0480        41.3620        74.1910 
UPC1 UPC2 06 18 077 18610        22.0660        21.8897        22.1840        22.5694        22.0891         0.0000         0.0000        72.7980       -24.9580        41.3550        74.1430 
UPC1 UPC2 06 18 077 18615        22.0280        21.8948        22.0650        22.5760        22.0934         0.0001         0.0000        72.8250       -24.8690        41.3470        74.0960 
UPC1 UPC2 06 18 077 18620        21.8390        21.8948        22.1350        22.5780        22.0975         0.0000         0.0000        72.8520       -24.7790        41.3390        74.0480 
UPC1 UPC2 06 18 077 18625        21.8100        21.8994        22.2570        22.5831        22.1018         0.0000         0.0000        72.8780       -24.6890        41.3320        74.0010 
UPC1 UPC2 06 18 077 18630        22.1670        21.9044        22.4430        22.5893        22.1060         0.0000         0.0000        72.9050       -24.5990        41.3240        73.9530 
UPC1 UPC2 06 18 077 18635        22.2260        21.9100        22.0510        22.5965        22.1102         0.0000         0.0000        72.9320       -24.5090        41.3160        73.9050 
UPC1 UPC2 06 18 077 18640        22.1150        21.9137        22.1270        22.5999        22.1145         0.0000         0.0000        72.9580       -24.4180        41.3080        73.8580 
UPC1 UPC2 06 18 077 18645        21.9120        21.9179        22.3190        22.6031        22.1186         0.0000         0.0000        72.9850       -24.3270        41.3010        73.8110 
UPC1 UPC2 06 18 077 18650        21.8880        21.9268        22.5300        22.6116        22.1230         0.0000         0.0000        73.0110       -24.2360        41.2930        73.7630 
UPC1 UPC2 06 18 077 18655        22.0300        21.9287        22.4180        22.6124        22.1274         0.0000         0.0000        73.0380       -24.1450        41.2850        73.7160 
UPC1 UPC2 06 18 077 18660        22.1180        21.9333        22.5100        22.6161        22.1316         0.0000         0.0000        73.0650       -24.0540        41.2770        73.6680 
UPC1 UPC2 06 18 077 18665        22.2720        21.9341        22.5150        22.6160        22.1359         0.0001         0.0000        73.0910       -23.9620        41.2690        73.6210 
UPC1 UPC2 06 18 077 18670        22.3190        21.9412        22.4670        22.6229        22.1403         0.0000         0.0000        73.1170       -23.8700        41.2610        73.5730 
UPC1 UPC2 06 18 077 18675        22.4140        21.9447        22.4820        22.6267        22.1446         0.0000         0.0000        73.1440       -23.7780        41.2530        73.5260 
UPC1 UPC2 06 18 077 18680        22.4210        21.9473        22.4940        22.6293        22.1490         0.0000         0.0000        73.1700       -23.6860        41.2450        73.4790 
UPC1 UPC2 06 18 077 18685        22.1320        21.9511        22.2990        22.6337        22.1532         0.0000         0.0000        73.1970       -23.5930        41.2360        73.4320 
UPC1 UPC2 06 18 077 18690        22.3820        21.9558        22.2270        22.6390        22.1576         0.0000         0.0000        73.2230       -23.5000        41.2280        73.3840 
UPC1 UPC2 06 18 077 18695        22.3480        21.9595        22.2150        22.6432        22.1620         0.0000         0.0000        73.2490       -23.4070        41.2200        73.3370 
UPC1 UPC2 06 18 077 18700        22.4160        21.9635        22.2280        22.6488        22.1664         0.0000         0.0000        73.2760       -23.3140        41.2120        73.2900 
UPC1 UPC2 06 18 077 18705        22.3130        21.9691        21.9590        22.6544        22.1708         0.0000         0.0000        73.3020       -23.2200        41.2030        73.2430 
UPC1 UPC2 06 18 077 18710        22.4150        21.9739        21.5620        22.6596        22.1753         0.0000         0.0000        73.3280       -23.1270        41.1950        73.1960 
UPC1 UPC2 06 18 077 18715        22.4620        21.9791        21.4290        22.6649        22.1796         0.0000         0.0000        73.3550       -23.0330        41.1870        73.1480 
UPC1 UPC2 06 18 077 18720        22.4800        21.9824        21.3490        22.6683        22.1841         0.0000         0.0000        73.3810       -22.9380        41.1780        73.1010 
UPC1 UPC2 06 18 077 18725        22.3740        21.9855        21.5810        22.6718        22.1885         0.0000         0.0000        73.4070       -22.8440        41.1700        73.0540 
UPC1 UPC2 06 18 077 18730        22.1440        21.9913        21.8470        22.6771        22.1930         0.0000         0.0000        73.4330       -22.7490        41.1610        73.0070 
UPC1 UPC2 06 18 077 18735        22.0130        21.9964        21.8720        22.6810        22.1976         0.0000         0.0000        73.4600       -22.6540        41.1530        72.9600 
UPC1 UPC2 06 18 077 18740        22.0800        22.0013        22.1200        22.6860        22.2019         0.0000         0.0000        73.4860       -22.5590        41.1440        72.9130 
UPC1 UPC2 06 18 077 18745        21.9420        22.0054        22.3690        22.6896        22.2064         0.0000         0.0000        73.5120       -22.4640        41.1350        72.8660 
UPC1 UPC2 06 18 077 18750        22.0400        22.0094        22.3170        22.6920        22.2110         0.0000         0.0000        73.5380       -22.3680        41.1270        72.8190 
UPC1 UPC2 06 18 077 18755        22.3470        22.0166        22.3830        22.6980        22.2156         0.0000         0.0000        73.5640       -22.2720        41.1180        72.7720 
UPC1 UPC2 06 18 077 18760        22.4690        22.0195        22.7290        22.7006        22.2200         0.0000         0.0000        73.5900       -22.1760        41.1090        72.7250 
UPC1 UPC2 06 18 077 18765        22.4540        22.0254        22.7130        22.7065        22.2245         0.0000         0.0000        73.6160       -22.0800        41.1000        72.6780 
UPC1 UPC2 06 18 077 18770        22.7730        22.0282        22.8030        22.7093        22.2290         0.0001         0.0000        73.6420       -21.9830        41.0920        72.6320 
UPC1 UPC2 06 18 077 18775        22.8920        22.0286        22.9900        22.7109        22.2337         0.0000         0.0000        73.6680       -21.8870        41.0830        72.5850 
UPC1 UPC2 06 18 077 18780        23.0650        22.0338        23.0300        22.7164        22.2382         0.0001         0.0000        73.6940       -21.7900        41.0740        72.5380 
UPC1 UPC2 06 18 077 18785        22.9130        22.0411        23.1000        22.7239        22.2429         0.0000         0.0000        73.7200       -21.6920        41.0650        72.4910 
UPC1 UPC2 06 18 077 18790        22.8290        22.0456        22.9790        22.7291        22.2474         0.0000         0.0000        73.7460       -21.5950        41.0560        72.4450 
UPC1 UPC2 06 18 077 18795        22.7110        22.0492        22.9890        22.7332        22.2520         0.0000         0.0000        73.7720       -21.4970        41.0470        72.3980 
UPC1 UPC2 06 18 077 18800        22.7540        22.0525        23.0320        22.7377        22.2568         0.0000         0.0000        73.7980       -21.3990        41.0380        72.3510 
UPC1 UPC2 06 18 077 18805        22.4040        22.0600        22.8820        22.7454        22.2613         0.0001         0.0000        73.8240       -21.3010        41.0290        72.3040 
UPC1 UPC2 06 18 077 18810        22.3190        22.0633        23.1170        22.7488        22.2660         0.0000         0.0000        73.8500       -21.2020        41.0190        72.2580 
UPC1 UPC2 06 18 077 18815        22.4660        22.0665        22.8620        22.7520        22.2706         0.0000         0.0000        73.8750       -21.1030        41.0100        72.2110 
UPC1 UPC2 06 18 077 18820        22.5290        22.0717        22.7880        22.7576        22.2753         0.0000         0.0000        73.9010       -21.0040        41.0010        72.1650 
UPC1 UPC2 06 18 077 18825        22.4440        22.0763        22.8410        22.7635        22.2801         0.0000         0.0000        73.9270       -20.9050        40.9920        72.1180 
UPC1 UPC2 06 18 077 18830        22.3540        22.0813        22.9910        22.7684        22.2847         0.0000         0.0000        73.9530       -20.8050        40.9820        72.0720 
UPC1 UPC2 06 18 077 18835        22.3710        22.0849        22.7010        22.7724        22.2895         0.0000         0.0000        73.9780       -20.7060        40.9730        72.0250 
UPC1 UPC2 06 18 077 18840        22.1590        22.0944        22.8000        22.7811        22.2943         0.0000         0.0000        74.0040       -20.6050        40.9640        71.9790 
UPC1 UPC2 06 18 077 18845        21.9110        22.0975        22.6920        22.7832        22.2989         0.0000         0.0000        74.0300       -20.5050        40.9540        71.9320 
UPC1 UPC2 06 18 077 18850        21.8690        22.1003        22.6280        22.7866        22.3037         0.0000         0.0000        74.0550       -20.4050        40.9450        71.8860 
UPC1 UPC2 06 18 077 18855        21.6000        22.1062        22.3470        22.7917        22.3084         0.0000         0.0000        74.0810       -20.3040        40.9350        71.8390 
UPC1 UPC2 06 18 077 18860        21.7250        22.1121        22.2170        22.7978        22.3132         0.0000         0.0000        74.1060       -20.2030        40.9260        71.7930 
UPC1 UPC2 06 18 077 18865        21.6890        22.1142        22.3220        22.7992        22.3180         0.0000         0.0000        74.1320       -20.1010        40.9160        71.7470 
UPC1 UPC2 06 18 077 18870        21.6820        22.1213        21.8460        22.8063        22.3228         0.0000         0.0000        74.1570       -20.0000        40.9060        71.7000 
UPC1 UPC2 06 18 077 18875        22.2560        22.1253        21.5940        22.8117        22.3276         0.0000         0.0000        74.1830       -19.8980        40.8970        71.6540 
UPC1 UPC2 06 18 077 18880        22.4830        22.1293        21.6530        22.8158        22.3324         0.0000         0.0000        74.2080       -19.7960        40.8870        71.6080 
UPC1 UPC2 06 18 077 18885        22.2500        22.1342        21.8890        22.8214        22.3373         0.0000         0.0000        74.2340       -19.6930        40.8770        71.5620 
UPC1 UPC2 06 18 077 18890        22.4380        22.1391        22.0620        22.8260        22.3421         0.0000         0.0000        74.2590       -19.5910        40.8670        71.5160 
UPC1 UPC2 06 18 077 18895        22.2260        22.1453        22.0900        22.8310        22.3469         0.0000         0.0000        74.2850       -19.4880        40.8580        71.4690 
UPC1 UPC2 06 18 077 18900        22.2080        22.1486        22.0230        22.8331        22.3518         0.0000         0.0000        74.3100       -19.3840        40.8480        71.4230 
UPC1 UPC2 06 18 077 18905        22.1560        22.1528        21.8290        22.8380        22.3568         0.0000         0.0000        74.3350       -19.2810        40.8380        71.3770 
UPC1 UPC2 06 18 077 18910        22.2250        22.1597        21.8570        22.8450        22.3617         0.0000         0.0000        74.3610       -19.1770        40.8280        71.3310 
UPC1 UPC2 06 18 077 18915        22.3320        22.1627        21.8020        22.8475        22.3665         0.0000         0.0000        74.3860       -19.0730        40.8180        71.2850 
UPC1 UPC2 06 18 077 18920        22.5340        22.1719        22.0260        22.8569        22.3714         0.0000         0.0000        74.4110       -18.9690        40.8080        71.2390 
UPC1 UPC2 06 18 077 18925        22.6640        22.1762        22.0580        22.8608        22.3764         0.0000         0.0000        74.4360       -18.8640        40.7980        71.1930 
UPC1 UPC2 06 18 077 18930        22.7470        22.1821        22.0900        22.8671        22.3813         0.0000         0.0000        74.4610       -18.7590        40.7880        71.1470 
UPC1 UPC2 06 18 077 18935        22.8180        22.1848        22.4390        22.8688        22.3863         0.0000         0.0000        74.4870       -18.6540        40.7770        71.1010 
UPC1 UPC2 06 18 077 18940        22.9460        22.1881        22.5670        22.8713        22.3913         0.0000         0.0000        74.5120       -18.5490        40.7670        71.0550 
UPC1 UPC2 06 18 077 18945        22.9060        22.1933        22.5220        22.8764        22.3962         0.0001         0.0000        74.5370       -18.4430        40.7570        71.0090 
UPC1 UPC2 06 18 077 18950        22.9100        22.1964        22.6440        22.8793        22.4012         0.0000         0.0000        74.5620       -18.3370        40.7470        70.9640 
UPC1 UPC2 06 18 077 18955        23.0070        22.2040        22.6690        22.8859        22.4062         0.0000         0.0000        74.5870       -18.2310        40.7360        70.9180 
UPC1 UPC2 06 18 077 18960        22.9000        22.2100        22.5220        22.8906        22.4112         0.0000         0.0000        74.6120       -18.1240        40.7260        70.8720 
UPC1 UPC2 06 18 077 18965        22.9070        22.2151        22.6620        22.8966        22.4163         0.0000         0.0000        74.6370       -18.0180        40.7160        70.8260 
UPC1 UPC2 06 18 077 18970        22.7190        22.2215        22.3720        22.9025        22.4213         0.0000         0.0000        74.6620       -17.9110        40.7050        70.7810 
UPC1 UPC2 06 18 077 18975        22.6960        22.2250        22.3300        22.9057        22.4263         0.0000         0.0000        74.6870       -17.8030        40.6950        70.7350 
UPC1 UPC2 06 18 077 18980        22.6290        22.2298        22.0420        22.9104        22.4314         0.0000         0.0000        74.7120       -17.6960        40.6840        70.6890 
UPC1 UPC2 06 18 077 18985        22.7810        22.2331        22.0440        22.9140        22.4365         0.0000         0.0000        74.7370       -17.5880        40.6740        70.6440 
UPC1 UPC2 06 18 077 18990        22.8290        22.2375        21.7810        22.9192        22.4416         0.0000         0.0000        74.7610       -17.4790        40.6630        70.5980 
UPC1 UPC2 06 18 077 18995        22.9880        22.2448        21.6370        22.9267        22.4467         0.0000         0.0000        74.7860       -17.3710        40.6530        70.5520 
UPC1 UPC2 06 18 077 19000        22.7600        22.2507        21.6430        22.9328        22.4518         0.0000         0.0000        74.8110       -17.2620        40.6420        70.5070 
UPC1 UPC2 06 18 077 19005        22.6970        22.2566        21.5240        22.9386        22.4569         0.0000         0.0000        74.8360       -17.1530        40.6310        70.4610 
UPC1 UPC2 06 18 077 19010        22.7470        22.2632        21.7120        22.9453        22.4621         0.0000         0.0000        74.8600       -17.0440        40.6210        70.4160 
UPC1 UPC2 06 18 077 19015        22.4150        22.2680        21.8080        22.9501        22.4672         0.0000         0.0000        74.8850       -16.9340        40.6100        70.3700 
UPC1 UPC2 06 18 077 19020        22.5490        22.2720        21.6600        22.9530        22.4724         0.0000         0.0000        74.9100       -16.8240        40.5990        70.3250 
UPC1 UPC2 06 18 077 19025        22.5330        22.2794        21.7320        22.9606        22.4775         0.0000         0.0000        74.9340       -16.7140        40.5880        70.2800 
UPC1 UPC2 06 18 077 19030        22.2910        22.2853        21.6920        22.9655        22.4826         0.0000         0.0000        74.9590       -16.6030        40.5770        70.2340 
UPC1 UPC2 06 18 077 19035        22.3740        22.2897        21.9910        22.9692        22.4879         0.0000         0.0000        74.9830       -16.4920        40.5660        70.1890 
UPC1 UPC2 06 18 077 19040        22.5820        22.2898        22.0540        22.9699        22.4930         0.0000         0.0000        75.0080       -16.3810        40.5550        70.1440 
UPC1 UPC2 06 18 077 19045        22.6180        22.2938        22.5790        22.9748        22.4984         0.0000         0.0000        75.0320       -16.2700        40.5440        70.0980 
UPC1 UPC2 06 18 077 19050        22.6940        22.3009        22.5030        22.9829        22.5035         0.0000         0.0000        75.0570       -16.1580        40.5330        70.0530 
UPC1 UPC2 06 18 077 19055        22.9620        22.3040        22.6340        22.9871        22.5087         0.0000         0.0000        75.0810       -16.0460        40.5220        70.0080 
UPC1 UPC2 06 18 077 19060        22.7900        22.3112        22.5990        22.9948        22.5139         0.0000         0.0000        75.1050       -15.9330        40.5110        69.9630 
UPC1 UPC2 06 18 077 19065        22.5720        22.3151        22.4600        22.9997        22.5193         0.0000         0.0000        75.1300       -15.8210        40.5000        69.9180 
UPC1 UPC2 06 18 077 19070        22.5650        22.3206        22.2990        23.0056        22.5245         0.0000         0.0000        75.1540       -15.7080        40.4890        69.8730 
UPC1 UPC2 06 18 077 19075        22.4150        22.3289        22.5500        23.0137        22.5299         0.0000         0.0000        75.1780       -15.5940        40.4770        69.8270 
UPC1 UPC2 06 18 077 19080        22.4660        22.3342        22.6860        23.0190        22.5352         0.0000         0.0000        75.2030       -15.4810        40.4660        69.7820 
UPC1 UPC2 06 18 077 19085        22.3850        22.3392        22.6490        23.0231        22.5405         0.0000         0.0000        75.2270       -15.3670        40.4550        69.7370 
UPC1 UPC2 06 18 077 19090        22.0060        22.3460        22.2210        23.0285        22.5457         0.0000         0.0000        75.2510       -15.2530        40.4440        69.6920 
UPC1 UPC2 06 18 077 19095        22.0830        22.3528        22.2210        23.0335        22.5510         0.0000         0.0000        75.2750       -15.1380        40.4320        69.6470 
UPC1 UPC2 06 18 077 19100        22.0710        22.3585        22.4340        23.0388        22.5563         0.0000         0.0000        75.2990       -15.0230        40.4210        69.6030 
UPC1 UPC2 06 18 077 19105        22.3570        22.3630        22.2550        23.0426        22.5618         0.0000         0.0000        75.3230       -14.9080        40.4090        69.5580 
UPC1 UPC2 06 18 077 19110        22.4150        22.3676        22.2820        23.0466        22.5672         0.0001         0.0000        75.3470       -14.7930        40.3980        69.5130 
UPC1 UPC2 06 18 077 19115        22.7140        22.3703        22.1580        23.0491        22.5725         0.0000         0.0000        75.3710       -14.6770        40.3860        69.4680 
UPC1 UPC2 06 18 077 19120        22.6510        22.3763        22.0810        23.0551        22.5779         0.0000         0.0000        75.3950       -14.5610        40.3750        69.4230 
UPC1 UPC2 06 18 077 19125        22.7450        22.3806        22.1420        23.0602        22.5832         0.0000         0.0000        75.4190       -14.4440        40.3630        69.3780 
UPC1 UPC2 06 18 077 19130        22.7580        22.3875        22.1950        23.0676        22.5887         0.0000         0.0000        75.4430       -14.3280        40.3510        69.3340 
UPC1 UPC2 06 18 077 19135        22.6330        22.3938        22.1940        23.0745        22.5942         0.0001         0.0000        75.4670       -14.2110        40.3400        69.2890 
UPC1 UPC2 06 18 077 19140        22.6710        22.3987        22.1750        23.0789        22.5995         0.0001         0.0000        75.4910       -14.0930        40.3280        69.2440 
UPC1 UPC2 06 18 077 19145        22.4350        22.4029        22.2710        23.0832        22.6051         0.0000         0.0000        75.5140       -13.9760        40.3160        69.2000 
UPC1 UPC2 06 18 077 19150        22.6070        22.4104        22.3700        23.0902        22.6105         0.0001         0.0000        75.5380       -13.8580        40.3040        69.1550 
UPC1 UPC2 06 18 077 19155        22.3500        22.4114        22.1910        23.0920        22.6160         0.0000         0.0000        75.5620       -13.7390        40.2930        69.1110 
UPC1 UPC2 06 18 077 19160        22.2270        22.4193        22.1960        23.0996        22.6215         0.0000         0.0000        75.5850       -13.6210        40.2810        69.0660 
UPC1 UPC2 06 18 077 19165        22.5040        22.4259        22.3690        23.1069        22.6271         0.0000         0.0000        75.6090       -13.5020        40.2690        69.0210 
UPC1 UPC2 06 18 077 19170        22.5580        22.4290        22.4440        23.1101        22.6325         0.0001         0.0000        75.6330       -13.3820        40.2570        68.9770 
UPC1 UPC2 06 18 077 19175        22.3600        22.4366        22.4000        23.1175        22.6380         0.0000         0.0000        75.6560       -13.2630        40.2450        68.9330 
UPC1 UPC2 06 18 077 19180        22.4730        22.4435        22.3910        23.1243        22.6436         0.0000         0.0000        75.6800       -13.1430        40.2330        68.8880 
UPC1 UPC2 06 18 077 19185        22.7190        22.4499        22.4180        23.1297        22.6492         0.0000         0.0000        75.7030       -13.0220        40.2210        68.8440 
UPC1 UPC2 06 18 077 19190        22.6950        22.4511        22.1330        23.1312        22.6546         0.0000         0.0000        75.7270       -12.9020        40.2090        68.7990 
UPC1 UPC2 06 18 077 19195        22.5810        22.4612        22.1150        23.1414        22.6603         0.0000         0.0000        75.7500       -12.7810        40.1970        68.7550 
UPC1 UPC2 06 18 077 19200        22.5990        22.4648        22.0900        23.1448        22.6658         0.0000         0.0000        75.7730       -12.6590        40.1840        68.7110 
UPC1 UPC2 06 18 077 19205        22.4930        22.4726        22.0080        23.1523        22.6714         0.0000         0.0000        75.7970       -12.5380        40.1720        68.6670 
UPC1 UPC2 06 18 077 19210        22.5410        22.4765        22.1140        23.1558        22.6770         0.0000         0.0000        75.8200       -12.4160        40.1600        68.6220 
UPC1 UPC2 06 18 077 19215        22.7340        22.4828        22.2200        23.1619        22.6826         0.0000         0.0000        75.8430       -12.2940        40.1480        68.5780 
UPC1 UPC2 06 18 077 19220        23.0340        22.4897        22.2840        23.1685        22.6884         0.0000         0.0000        75.8660       -12.1710        40.1350        68.5340 
UPC1 UPC2 06 18 077 19225        22.8690        22.4951        22.3170        23.1745        22.6939         0.0000         0.0000        75.8890       -12.0480        40.1230        68.4900 
UPC1 UPC2 06 18 077 19230        22.7000        22.5004        22.5410        23.1802        22.6996         0.0001         0.0000        75.9130       -11.9250        40.1110        68.4460 
UPC1 UPC2 06 18 077 19235        22.7890        22.5030        22.6260        23.1823        22.7052         0.0000         0.0000        75.9360       -11.8010        40.0980        68.4020 
UPC1 UPC2 06 18 077 19240        23.0960        22.5099        23.0660        23.1890        22.7109         0.0001         0.0000        75.9590       -11.6770        40.0860        68.3580 
UPC1 UPC2 06 18 077 19245        23.0120        22.5147        22.9770        23.1942        22.7164         0.0001         0.0000        75.9820       -11.5520        40.0730        68.3140 
UPC1 UPC2 06 18 077 19250        22.8060        22.5227        22.9610        23.2017        22.7223         0.0000         0.0000        76.0050       -11.4280        40.0610        68.2700 
UPC1 UPC2 06 18 077 19255        22.5600        22.5333        23.3190        23.2117        22.7279         0.0000         0.0000        76.0270       -11.3030        40.0480        68.2260 
UPC1 UPC2 06 18 077 19260        22.3940        22.5340        23.3530        23.2115        22.7336         0.0000         0.0000        76.0500       -11.1770        40.0350        68.1820 
UPC1 UPC2 06 18 077 19265        22.3260        22.5468        23.1520        23.2234        22.7394         0.0000         0.0000        76.0730       -11.0510        40.0230        68.1380 
UPC1 UPC2 06 18 077 19270        22.1530        22.5505        23.0930        23.2258        22.7452         0.0001         0.0000        76.0960       -10.9250        40.0100        68.0950 
UPC1 UPC2 06 18 077 19275        22.3540        22.5547        23.0730        23.2288        22.7509         0.0000         0.0000        76.1190       -10.7990        39.9970        68.0510 
UPC1 UPC2 06 18 077 19280        22.2740        22.5583        23.2000        23.2322        22.7568         0.0000         0.0000        76.1410       -10.6720        39.9840        68.0070 
UPC1 UPC2 06 18 077 19285        22.4700        22.5647        23.5930        23.2386        22.7625         0.0000         0.0000        76.1640       -10.5450        39.9720        67.9630 
UPC1 UPC2 06 18 077 19290        22.6290        22.5671        23.5060        23.2405        22.7683         0.0000         0.0000        76.1870       -10.4170        39.9590        67.9200 
UPC1 UPC2 06 18 077 19295        22.5590        22.5719        23.5070        23.2452        22.7740         0.0000         0.0000        76.2090       -10.2890        39.9460        67.8760 
UPC1 UPC2 06 18 077 19300        22.8070        22.5805        23.7860        23.2541        22.7798         0.0000         0.0000        76.2320       -10.1610        39.9330        67.8320 
UPC1 UPC2 06 18 077 19305        22.8140        22.5869        23.8510        23.2620        22.7856         0.0000         0.0000        76.2540       -10.0330        39.9200        67.7890 
UPC1 UPC2 06 18 077 19310        22.8040        22.5938        23.5210        23.2687        22.7915         0.0000         0.0000        76.2760        -9.9040        39.9070        67.7450 
UPC1 UPC2 06 18 077 19315        22.8840        22.5982        23.4620        23.2727        22.7974         0.0001         0.0000        76.2990        -9.7740        39.8940        67.7020 
UPC1 UPC2 06 18 077 19320        22.7300        22.6062        23.3810        23.2810        22.8033         0.0000         0.0000        76.3210        -9.6450        39.8810        67.6580 
UPC1 UPC2 06 18 077 19325        22.8050        22.6118        23.4200        23.2869        22.8091         0.0000         0.0000        76.3430        -9.5150        39.8680        67.6150 
UPC1 UPC2 06 18 077 19330        22.8620        22.6173        23.0810        23.2938        22.8151         0.0000         0.0000        76.3660        -9.3840        39.8550        67.5720 
UPC1 UPC2 06 18 077 19335        22.7150        22.6216        22.7920        23.2980        22.8209         0.0000         0.0000        76.3880        -9.2530        39.8420        67.5280 
UPC1 UPC2 06 18 077 19340        23.1640        22.6255        22.7140        23.3023        22.8269         0.0000         0.0000        76.4100        -9.1220        39.8280        67.4850 
UPC1 UPC2 06 18 077 19345        23.5850        22.6316        22.7460        23.3092        22.8328         0.0000         0.0000        76.4320        -8.9910        39.8150        67.4420 
UPC1 UPC2 06 18 077 19350        23.7420        22.6403        22.5980        23.3182        22.8388         0.0000         0.0000        76.4540        -8.8590        39.8020        67.3980 
UPC1 UPC2 06 18 077 19355        23.4040        22.6441        22.5000        23.3218        22.8446         0.0001         0.0000        76.4760        -8.7270        39.7890        67.3550 
UPC1 UPC2 06 18 077 19360        23.4170        22.6487        22.3410        23.3275        22.8507         0.0001         0.0000        76.4980        -8.5940        39.7750        67.3120 
UPC1 UPC2 06 18 077 19365        23.4180        22.6576        22.0790        23.3365        22.8566         0.0000         0.0000        76.5200        -8.4610        39.7620        67.2690 
UPC1 UPC2 06 18 077 19370        23.5950        22.6659        22.2370        23.3456        22.8625         0.0000         0.0000        76.5420        -8.3280        39.7480        67.2260 
UPC1 UPC2 06 18 077 19375        23.4740        22.6700        22.3410        23.3494        22.8685         0.0001         0.0000        76.5640        -8.1940        39.7350        67.1830 
UPC1 UPC2 06 18 077 19380        23.3000        22.6743        22.1410        23.3541        22.8744         0.0000         0.0000        76.5850        -8.0600        39.7210        67.1400 
UPC1 UPC2 06 18 077 19385        22.8960        22.6792        22.1130        23.3594        22.8805         0.0001         0.0000        76.6070        -7.9260        39.7080        67.0960 
UPC1 UPC2 06 18 077 19390        23.1010        22.6873        22.1940        23.3678        22.8866         0.0000         0.0000        76.6290        -7.7910        39.6940        67.0540 
UPC1 UPC2 06 18 077 19395        23.2380        22.6947        22.5380        23.3739        22.8927         0.0000         0.0000        76.6500        -7.6550        39.6810        67.0110 
UPC1 UPC2 06 18 077 19400        23.0610        22.7003        22.9150        23.3790        22.8986         0.0000         0.0000        76.6720        -7.5200        39.6670        66.9680 
UPC1 UPC2 06 18 077 19405        23.0900        22.7062        23.1180        23.3842        22.9047         0.0000         0.0000        76.6940        -7.3840        39.6530        66.9250 
UPC1 UPC2 06 18 077 19410        23.1840        22.7130        23.2820        23.3912        22.9108         0.0000         0.0000        76.7150        -7.2480        39.6400        66.8820 
UPC1 UPC2 06 18 077 19415        23.2620        22.7165        23.4120        23.3944        22.9169         0.0000         0.0000        76.7360        -7.1110        39.6260        66.8390 
UPC1 UPC2 06 18 077 19420        23.2960        22.7228        23.3930        23.4007        22.9231         0.0001         0.0000        76.7580        -6.9740        39.6120        66.7960 
UPC1 UPC2 06 18 077 19425        23.4220        22.7275        23.2740        23.4057        22.9292         0.0001         0.0000        76.7790        -6.8360        39.5980        66.7540 
UPC1 UPC2 06 18 077 19430        23.1650        22.7361        23.2170        23.4147        22.9351         0.0000         0.0000        76.8000        -6.6980        39.5840        66.7110 
UPC1 UPC2 06 18 077 19435        23.1300        22.7415        23.0420        23.4195        22.9413         0.0001         0.0000        76.8220        -6.5600        39.5710        66.6680 
UPC1 UPC2 06 18 077 19440        23.2310        22.7464        22.8150        23.4245        22.9475         0.0001         0.0000        76.8430        -6.4210        39.5570        66.6260 
UPC1 UPC2 06 18 077 19445        23.1890        22.7544        22.6250        23.4330        22.9536         0.0001         0.0000        76.8640        -6.2820        39.5430        66.5830 
UPC1 UPC2 06 18 077 19450        23.1980        22.7601        22.7690        23.4393        22.9598         0.0000         0.0000        76.8850        -6.1430        39.5290        66.5410 
UPC1 UPC2 06 18 077 19455        23.3170        22.7685        22.6090        23.4477        22.9659         0.0000         0.0000        76.9060        -6.0030        39.5150        66.4980 
UPC1 UPC2 06 18 077 19460        23.2540        22.7724        22.4740        23.4520        22.9722         0.0000         0.0000        76.9270        -5.8630        39.5010        66.4560 
UPC1 UPC2 06 18 077 19465        23.0800        22.7800        22.2180        23.4599        22.9783         0.0000         0.0000        76.9480        -5.7220        39.4860        66.4130 
UPC1 UPC2 06 18 077 19470        23.1630        22.7859        22.0600        23.4655        22.9846         0.0000         0.0000        76.9690        -5.5810        39.4720        66.3710 
UPC1 UPC2 06 18 077 19475        23.3470        22.7951        21.8380        23.4740        22.9907         0.0001         0.0000        76.9890        -5.4400        39.4580        66.3280 
UPC1 UPC2 06 18 077 19480        23.3230        22.7992        22.0000        23.4769        22.9970         0.0000         0.0000        77.0100        -5.2980        39.4440        66.2860 
UPC1 UPC2 06 18 077 19485        23.4610        22.8073        22.2540        23.4847        23.0032         0.0001         0.0000        77.0310        -5.1560        39.4300        66.2440 
UPC1 UPC2 06 18 077 19490        23.4880        22.8148        22.3310        23.4916        23.0095         0.0000         0.0000        77.0510        -5.0130        39.4150        66.2010 
UPC1 UPC2 06 18 077 19495        23.6240        22.8207        22.4620        23.4982        23.0158         0.0000         0.0000        77.0720        -4.8700        39.4010        66.1590 
UPC1 UPC2 06 18 077 19500        23.4980        22.8264        22.3350        23.5033        23.0221         0.0001         0.0000        77.0920        -4.7270        39.3870        66.1170 
UPC1 UPC2 06 18 077 19505        23.1050        22.8327        22.1640        23.5087        23.0284         0.0001         0.0000        77.1130        -4.5830        39.3720        66.0750 
UPC1 UPC2 06 18 077 19510        22.7690        22.8385        22.4220        23.5141        23.0346         0.0000         0.0000        77.1330        -4.4390        39.3580        66.0330 
UPC1 UPC2 06 18 077 19515        22.5930        22.8459        22.3880        23.5209        23.0410         0.0000         0.0000        77.1540        -4.2940        39.3430        65.9910 
UPC1 UPC2 06 18 077 19520        22.5760        22.8516        22.3480        23.5267        23.0473         0.0000         0.0000        77.1740        -4.1490        39.3290        65.9490 
UPC1 UPC2 06 18 077 19525        22.6950        22.8556        22.2370        23.5311        23.0536         0.0000         0.0000        77.1940        -4.0040        39.3140        65.9070 
UPC1 UPC2 06 18 077 19530        22.5900        22.8619        22.3300        23.5380        23.0600         0.0000         0.0000        77.2140        -3.8580        39.3000        65.8650 
UPC1 UPC2 06 18 077 19535        22.6290        22.8667        22.5700        23.5435        23.0663         0.0000         0.0000        77.2340        -3.7120        39.2850        65.8230 
UPC1 UPC2 06 18 077 19540        23.0550        22.8750        22.6180        23.5521        23.0727         0.0001         0.0000        77.2550        -3.5650        39.2710        65.7810 
UPC1 UPC2 06 18 077 19545        23.3240        22.8819        22.7150        23.5594        23.0791         0.0000         0.0000        77.2750        -3.4180        39.2560        65.7390 
UPC1 UPC2 06 18 077 19550        23.3150        22.8875        22.7930        23.5654        23.0855         0.0000         0.0000        77.2940        -3.2710        39.2410        65.6970 
UPC1 UPC2 06 18 077 19555        23.3580        22.8974        22.7470        23.5753        23.0918         0.0000         0.0000        77.3140        -3.1230        39.2270        65.6550 
UPC1 UPC2 06 18 077 19560        23.3590        22.9029        22.8370        23.5798        23.0983         0.0000         0.0000        77.3340        -2.9750        39.2120        65.6140 
UPC1 UPC2 06 18 077 19565        23.1510        22.9060        23.1420        23.5822        23.1047         0.0000         0.0000        77.3540        -2.8260        39.1970        65.5720 
UPC1 UPC2 06 18 077 19570        23.2320        22.9152        23.4220        23.5907        23.1111         0.0001         0.0000        77.3740        -2.6770        39.1820        65.5300 
UPC1 UPC2 06 18 077 19575        23.3080        22.9216        23.7700        23.5976        23.1176         0.0000         0.0000        77.3930        -2.5280        39.1670        65.4890 
UPC1 UPC2 06 18 077 19580        23.1250        22.9280        23.9240        23.6029        23.1241         0.0000         0.0000        77.4130        -2.3780        39.1520        65.4470 
UPC1 UPC2 06 18 077 19585        23.1910        22.9345        24.2950        23.6090        23.1305         0.0001         0.0000        77.4320        -2.2270        39.1370        65.4060 
UPC1 UPC2 06 18 077 19590        23.3620        22.9406        24.3350        23.6142        23.1369         0.0000         0.0000        77.4520        -2.0770        39.1220        65.3640 
UPC1 UPC2 06 18 077 19595        23.4780        22.9475        24.3440        23.6210        23.1435         0.0000         0.0000        77.4710        -1.9260        39.1070        65.3230 
UPC1 UPC2 06 18 077 19600        23.1070        22.9536        24.3480        23.6261        23.1500         0.0000         0.0000        77.4910        -1.7740        39.0920        65.2810 
UPC1 UPC2 06 18 077 19605        23.0540        22.9612        24.2160        23.6332        23.1566         0.0000         0.0000        77.5100        -1.6220        39.0770        65.2400 
UPC1 UPC2 06 18 077 19610        23.0730        22.9700        24.0460        23.6410        23.1631         0.0000         0.0000        77.5290        -1.4700        39.0620        65.1980 
UPC1 UPC2 06 18 077 19615        22.9470        22.9749        23.8260        23.6454        23.1696         0.0000         0.0000        77.5480        -1.3170        39.0470        65.1570 
UPC1 UPC2 06 18 077 19620        22.7710        22.9815        23.4300        23.6513        23.1762         0.0000         0.0000        77.5670        -1.1640        39.0320        65.1160 
UPC1 UPC2 06 18 077 19625        22.7940        22.9875        23.2170        23.6582        23.1828         0.0000         0.0000        77.5860        -1.0100        39.0170        65.0740 
UPC1 UPC2 06 18 077 19630        22.9780        22.9972        23.0610        23.6675        23.1893         0.0000         0.0000        77.6050        -0.8560        39.0010        65.0330 
UPC1 UPC2 06 18 077 19635        23.1240        23.0000        23.0320        23.6709        23.1959         0.0000         0.0000        77.6240        -0.7020        38.9860        64.9920 
UPC1 UPC2 06 18 077 19640        23.2010        23.0045        22.9790        23.6758        23.2026         0.0001         0.0000        77.6430        -0.5470        38.9710        64.9510 
UPC1 UPC2 06 18 077 19645        23.3140        23.0125        22.9540        23.6846        23.2091         0.0000         0.0000        77.6620        -0.3920        38.9550        64.9100 
UPC1 UPC2 06 18 077 19650        21.7530        21.6162        21.5500        22.2889        21.8127         0.0000         0.0000        77.6810        -0.2360        38.9400        64.8690 
UPC1 UPC2 06 18 077 19655        21.7610        21.6201        21.7700        22.2935        21.8183         0.0001         0.0000        77.6990        -0.0800        38.9250        64.8280 
UPC1 UPC2 06 18 077 19660        22.0110        21.6289        21.7570        22.3025        21.8239         0.0000         0.0000        77.7180         0.0770        38.9090        64.7870 
UPC1 UPC2 06 18 077 19665        22.0090        21.6318        22.0860        22.3057        21.8296         0.0000         0.0000        77.7360         0.2340        38.8940        64.7460 
UPC1 UPC2 06 18 077 19670        22.0820        21.6364        22.1810        22.3104        21.8352         0.0000         0.0000        77.7550         0.3910        38.8780        64.7050 
UPC1 UPC2 06 18 077 19675        22.2820        21.6423        22.1200        22.3159        21.8408         0.0000         0.0000        77.7730         0.5490        38.8630        64.6640 
UPC1 UPC2 06 18 077 19680        22.2710        21.6488        22.0090        22.3220        21.8466         0.0000         0.0000        77.7910         0.7070        38.8470        64.6230 
UPC1 UPC2 06 18 077 19685        22.4380        21.6538        21.9190        22.3265        21.8522         0.0001         0.0000        77.8100         0.8660        38.8310        64.5820 
UPC1 UPC2 06 18 077 19690        22.6200        21.6575        21.9670        22.3309        21.8579         0.0001         0.0000        77.8280         1.0250        38.8160        64.5410 
UPC1 UPC2 06 18 077 19695        22.5490        21.6661        22.1430        22.3384        21.8636         0.0000         0.0000        77.8460         1.1840        38.8000        64.5010 
UPC1 UPC2 06 18 077 19700        22.6190        21.6714        22.2030        22.3451        21.8694         0.0000         0.0000        77.8640         1.3440        38.7840        64.4600 
UPC1 UPC2 06 18 077 19705        22.6920        21.6763        22.1470        22.3502        21.8750         0.0000         0.0000        77.8820         1.5040        38.7690        64.4190 
UPC1 UPC2 06 18 077 19710        22.6570        21.6805        21.8820        22.3543        21.8808         0.0001         0.0000        77.9000         1.6650        38.7530        64.3790 
UPC1 UPC2 06 18 077 19715        22.6120        21.6868        21.9330        22.3609        21.8865         0.0000         0.0000        77.9180         1.8260        38.7370        64.3380 
UPC1 UPC2 06 18 077 19720        22.3690        21.6933        21.7420        22.3674        21.8923         0.0000         0.0000        77.9350         1.9880        38.7210        64.2980 
UPC1 UPC2 06 18 077 19725        22.1780        21.7008        21.8820        22.3740        21.8981         0.0000         0.0000        77.9530         2.1500        38.7050        64.2570 
UPC1 UPC2 06 18 077 19730        22.1450        21.7079        21.6140        22.3798        21.9039         0.0000         0.0000        77.9710         2.3130        38.6890        64.2170 
UPC1 UPC2 06 18 077 19735        22.3310        21.7101        21.4220        22.3806        21.9097         0.0001         0.0000        77.9880         2.4750        38.6730        64.1760 
UPC1 UPC2 06 18 077 19740        22.1000        21.7196        21.2200        22.3892        21.9155         0.0000         0.0000        78.0060         2.6390        38.6570        64.1360 
UPC1 UPC2 06 18 077 19745        21.9740        21.7265        21.3890        22.3954        21.9213         0.0001         0.0000        78.0230         2.8030        38.6410        64.0960 
UPC1 UPC2 06 18 077 19750        22.0520        21.7338        21.2300        22.4016        21.9273         0.0000         0.0000        78.0410         2.9670        38.6250        64.0550 
UPC1 UPC2 06 18 077 19755        21.8550        21.7376        21.0180        22.4060        21.9331         0.0000         0.0000        78.0580         3.1310        38.6090        64.0150 
UPC1 UPC2 06 18 077 19760        22.0900        21.7416        21.1660        22.4099        21.9390         0.0000         0.0000        78.0750         3.2960        38.5930        63.9750 
UPC1 UPC2 06 18 077 19765        22.2250        21.7449        21.0720        22.4129        21.9448         0.0000         0.0000        78.0920         3.4620        38.5770        63.9350 
UPC1 UPC2 06 18 077 19770        21.9650        21.7534        20.8770        22.4226        21.9508         0.0000         0.0000        78.1090         3.6280        38.5610        63.8940 
UPC1 UPC2 06 18 077 19775        21.7140        21.7550        21.2110        22.4269        21.9567         0.0000         0.0000        78.1260         3.7940        38.5450        63.8540 
UPC1 UPC2 06 18 077 19780        21.7350        21.7600        21.3170        22.4336        21.9626         0.0001         0.0000        78.1430         3.9610        38.5280        63.8140 
UPC1 UPC2 06 18 077 19785        21.7210        21.7701        21.6150        22.4445        21.9685         0.0001         0.0000        78.1600         4.1280        38.5120        63.7740 
UPC1 UPC2 06 18 077 19790        21.5420        21.7772        21.8720        22.4512        21.9744         0.0001         0.0000        78.1770         4.2960        38.4960        63.7340 
UPC1 UPC2 06 18 077 19795        21.4260        21.7843        21.9950        22.4586        21.9805         0.0001         0.0000        78.1930         4.4640        38.4790        63.6940 
UPC1 UPC2 06 18 077 19800        21.3510        21.7896        22.4420        22.4622        21.9865         0.0000         0.0000        78.2100         4.6320        38.4630        63.6540 
UPC1 UPC2 06 18 077 19805        21.5290        21.7977        22.3980        22.4681        21.9925         0.0000         0.0000        78.2260         4.8010        38.4470        63.6140 
UPC1 UPC2 06 18 077 19810        21.4870        21.8059        22.2110        22.4737        21.9984         0.0000         0.0000        78.2430         4.9700        38.4300        63.5750 
UPC1 UPC2 06 18 077 19815        21.4470        21.8087        22.1610        22.4755        22.0044         0.0001         0.0000        78.2590         5.1400        38.4140        63.5350 
UPC1 UPC2 06 18 077 19820        21.9490        21.8150        22.0780        22.4804        22.0105         0.0000         0.0000        78.2760         5.3100        38.3970        63.4950 
UPC1 UPC2 06 18 077 19825        21.9290        21.8208        22.0120        22.4866        22.0165         0.0000         0.0000        78.2920         5.4810        38.3810        63.4550 
UPC1 UPC2 06 18 077 19830        22.0830        21.8245        21.6440        22.4910        22.0226         0.0000         0.0000        78.3080         5.6520        38.3640        63.4160 
UPC1 UPC2 06 18 077 19835        22.4470        21.8322        21.4780        22.4991        22.0286         0.0000         0.0000        78.3240         5.8230        38.3470        63.3760 
UPC1 UPC2 06 18 077 19840        22.5700        21.8381        21.6670        22.5064        22.0347         0.0000         0.0000        78.3400         5.9950        38.3310        63.3360 
UPC1 UPC2 06 18 077 19845        22.7650        21.8426        21.8820        22.5116        22.0408         0.0001         0.0000        78.3560         6.1680        38.3140        63.2970 
UPC1 UPC2 06 18 077 19850        22.6110        21.8483        21.9570        22.5184        22.0469         0.0000         0.0000        78.3720         6.3400        38.2970        63.2570 
UPC1 UPC2 06 18 077 19855        22.9100        21.8560        22.0480        22.5264        22.0530         0.0000         0.0000        78.3880         6.5140        38.2810        63.2180 
UPC1 UPC2 06 18 077 19860        22.8750        21.8607        21.8380        22.5306        22.0592         0.0000         0.0000        78.4030         6.6870        38.2640        63.1780 
UPC1 UPC2 06 18 077 19865        22.7150        21.8660        22.0590        22.5360        22.0653         0.0000         0.0000        78.4190         6.8610        38.2470        63.1390 
UPC1 UPC2 06 18 077 19870        23.0380        21.8725        22.1240        22.5418        22.0715         0.0000         0.0000        78.4340         7.0360        38.2300        63.0990 
UPC1 UPC2 06 18 077 19875        23.0400        21.8783        22.2900        22.5487        22.0776         0.0000         0.0000        78.4500         7.2100        38.2130        63.0600 
UPC1 UPC2 06 18 077 19880        23.1510        21.8833        22.2640        22.5547        22.0838         0.0000         0.0000        78.4650         7.3860        38.1960        63.0210 
UPC1 UPC2 06 18 077 19885        23.1160        21.8893        22.2070        22.5623        22.0900         0.0000         0.0000        78.4800         7.5620        38.1790        62.9820 
UPC1 UPC2 06 18 077 19890        22.9060        21.8993        22.0390        22.5723        22.0961         0.0000         0.0000        78.4960         7.7380        38.1620        62.9420 
UPC1 UPC2 06 18 077 19895        22.7370        21.9081        21.8960        22.5805        22.1026         0.0001         0.0000        78.5110         7.9140        38.1460        62.9030 
UPC1 UPC2 06 18 077 19900        22.8400        21.9146        21.4890        22.5858        22.1088         0.0000         0.0000        78.5260         8.0910        38.1280        62.8640 
