UPC1 UPC2 06 24 077 18000        34.2510        34.3279        33.5750        33.5606        33.5772         0.0001         0.0000        69.4240       -34.5100        24.8670        51.9720 
UPC1 UPC2 06 24 077 18005        34.0700        34.3271        33.8440        33.5575        33.5746         0.0001         0.0000        69.4520       -34.4410        24.8350        51.9800 
UPC1 UPC2 06 24 077 18010        33.9060        34.3286        34.0910        33.5577        33.5722         0.0001         0.0000        69.4810       -34.3720        24.8030        51.9890 
UPC1 UPC2 06 24 077 18015        33.7720        34.3276        33.7740        33.5558        33.5696         0.0001         0.0000        69.5090       -34.3030        24.7700        51.9970 
UPC1 UPC2 06 24 077 18020        33.2760        34.3259        33.6010        33.5521        33.5671         0.0001         0.0000        69.5380       -34.2330        24.7380        52.0060 
UPC1 UPC2 06 24 077 18025        32.9940        34.3279        33.6510        33.5513        33.5644         0.0001         0.0000        69.5660       -34.1640        24.7060        52.0140 
UPC1 UPC2 06 24 077 18030        32.9560        34.3113        33.6280        33.5340        33.5619         0.0001         0.0000        69.5940       -34.0940        24.6740        52.0230 
UPC1 UPC2 06 24 077 18035        32.9360        34.3094        33.3110        33.5336        33.5593         0.0001         0.0000        69.6230       -34.0250        24.6410        52.0310 
UPC1 UPC2 06 24 077 18040        33.0730        34.3097        33.1650        33.5337        33.5568         0.0001         0.0000        69.6510       -33.9550        24.6090        52.0400 
UPC1 UPC2 06 24 077 18045        33.1180        34.3084        32.8190        33.5335        33.5542         0.0001         0.0000        69.6790       -33.8850        24.5770        52.0480 
UPC1 UPC2 06 24 077 18050        32.9650        34.3033        32.5380        33.5303        33.5515         0.0001         0.0000        69.7080       -33.8150        24.5450        52.0570 
UPC1 UPC2 06 24 077 18055        33.1800        34.3015        32.2900        33.5294        33.5490         0.0001         0.0000        69.7360       -33.7440        24.5120        52.0650 
UPC1 UPC2 06 24 077 18060        33.1310        34.2987        32.3020        33.5288        33.5465         0.0001         0.0000        69.7640       -33.6740        24.4800        52.0740 
UPC1 UPC2 06 24 077 18065        33.3180        34.2881        32.2340        33.5212        33.5439         0.0001         0.0000        69.7920       -33.6030        24.4480        52.0820 
UPC1 UPC2 06 24 077 18070        33.3780        34.2919        32.0000        33.5249        33.5413         0.0001         0.0000        69.8210       -33.5330        24.4160        52.0910 
UPC1 UPC2 06 24 077 18075        33.2810        34.2917        32.2350        33.5252        33.5388         0.0001         0.0000        69.8490       -33.4620        24.3840        52.1000 
UPC1 UPC2 06 24 077 18080        33.2930        34.2870        32.6770        33.5222        33.5362         0.0001         0.0000        69.8770       -33.3910        24.3510        52.1080 
UPC1 UPC2 06 24 077 18085        33.4220        34.2830        32.7530        33.5166        33.5335         0.0001         0.0000        69.9050       -33.3200        24.3190        52.1170 
UPC1 UPC2 06 24 077 18090        33.6630        34.2759        33.1340        33.5086        33.5311         0.0001         0.0000        69.9340       -33.2490        24.2870        52.1260 
UPC1 UPC2 06 24 077 18095        34.0040        34.2790        33.1230        33.5115        33.5284         0.0001         0.0000        69.9620       -33.1770        24.2550        52.1340 
UPC1 UPC2 06 24 077 18100        34.4200        34.2767        32.7760        33.5088        33.5257         0.0001         0.0000        69.9900       -33.1060        24.2230        52.1430 
UPC1 UPC2 06 24 077 18105        34.6740        34.2668        33.2260        33.4983        33.5232         0.0001         0.0000        70.0180       -33.0340        24.1910        52.1520 
UPC1 UPC2 06 24 077 18110        34.7080        34.2698        33.1990        33.5015        33.5206         0.0001         0.0000        70.0460       -32.9620        24.1580        52.1610 
UPC1 UPC2 06 24 077 18115        35.0410        34.2700        33.3600        33.5022        33.5179         0.0001         0.0000        70.0750       -32.8900        24.1260        52.1700 
UPC1 UPC2 06 24 077 18120        35.1510        34.2665        33.3820        33.4976        33.5154         0.0001         0.0000        70.1030       -32.8180        24.0940        52.1780 
UPC1 UPC2 06 24 077 18125        34.7290        34.2651        33.2260        33.4945        33.5129         0.0001         0.0000        70.1310       -32.7460        24.0620        52.1870 
UPC1 UPC2 06 24 077 18130        34.3240        34.2633        33.0710        33.4922        33.5102         0.0001         0.0000        70.1590       -32.6740        24.0300        52.1960 
UPC1 UPC2 06 24 077 18135        34.1210        34.2597        33.0780        33.4883        33.5076         0.0001         0.0000        70.1870       -32.6010        23.9980        52.2050 
UPC1 UPC2 06 24 077 18140        34.0310        34.2561        33.2830        33.4837        33.5051         0.0001         0.0000        70.2150       -32.5290        23.9660        52.2140 
UPC1 UPC2 06 24 077 18145        33.8750        34.2562        33.1680        33.4829        33.5023         0.0001         0.0000        70.2430       -32.4560        23.9340        52.2230 
UPC1 UPC2 06 24 077 18150        34.1830        34.2502        33.2330        33.4760        33.4998         0.0001         0.0000        70.2720       -32.3830        23.9010        52.2320 
UPC1 UPC2 06 24 077 18155        34.1530        34.2491        33.2760        33.4746        33.4971         0.0001         0.0000        70.3000       -32.3100        23.8690        52.2400 
UPC1 UPC2 06 24 077 18160        34.3630        34.2455        33.2020        33.4722        33.4945         0.0001         0.0000        70.3280       -32.2360        23.8370        52.2490 
UPC1 UPC2 06 24 077 18165        34.2460        34.2395        32.9880        33.4669        33.4919         0.0001         0.0000        70.3560       -32.1630        23.8050        52.2580 
UPC1 UPC2 06 24 077 18170        33.9690        34.2382        33.0960        33.4692        33.4893         0.0001         0.0000        70.3840       -32.0900        23.7730        52.2670 
UPC1 UPC2 06 24 077 18175        34.1000        34.2310        33.2020        33.4650        33.4868         0.0001         0.0000        70.4120       -32.0160        23.7410        52.2760 
UPC1 UPC2 06 24 077 18180        34.0380        34.2370        33.2020        33.4715        33.4840         0.0001         0.0000        70.4400       -31.9420        23.7090        52.2850 
UPC1 UPC2 06 24 077 18185        34.2710        34.2297        32.8460        33.4651        33.4815         0.0001         0.0000        70.4680       -31.8680        23.6770        52.2940 
UPC1 UPC2 06 24 077 18190        34.2520        34.2306        33.4260        33.4657        33.4789         0.0001         0.0000        70.4960       -31.7940        23.6450        52.3030 
UPC1 UPC2 06 24 077 18195        34.0710        34.2254        33.4100        33.4609        33.4762         0.0001         0.0000        70.5240       -31.7200        23.6130        52.3120 
UPC1 UPC2 06 24 077 18200        33.8880        34.2269        33.6670        33.4612        33.4734         0.0001         0.0000        70.5520       -31.6450        23.5810        52.3220 
UPC1 UPC2 06 24 077 18205        33.6740        34.2209        33.7100        33.4519        33.4709         0.0001         0.0000        70.5800       -31.5710        23.5490        52.3310 
UPC1 UPC2 06 24 077 18210        33.4590        34.2216        33.3950        33.4522        33.4683         0.0001         0.0000        70.6080       -31.4960        23.5170        52.3400 
UPC1 UPC2 06 24 077 18215        33.1000        34.2172        33.8820        33.4495        33.4656         0.0001         0.0000        70.6360       -31.4210        23.4850        52.3490 
UPC1 UPC2 06 24 077 18220        33.1110        34.2060        33.9000        33.4390        33.4630         0.0001         0.0000        70.6640       -31.3460        23.4530        52.3580 
UPC1 UPC2 06 24 077 18225        33.0920        34.2097        34.1560        33.4438        33.4604         0.0001         0.0000        70.6920       -31.2710        23.4210        52.3670 
UPC1 UPC2 06 24 077 18230        32.8020        34.2019        34.1060        33.4355        33.4577         0.0001         0.0000        70.7200       -31.1950        23.3890        52.3760 
UPC1 UPC2 06 24 077 18235        32.9570        34.2031        34.3700        33.4363        33.4550         0.0001         0.0000        70.7480       -31.1200        23.3570        52.3860 
UPC1 UPC2 06 24 077 18240        33.1250        34.2000        34.4020        33.4343        33.4523         0.0001         0.0000        70.7750       -31.0440        23.3250        52.3950 
UPC1 UPC2 06 24 077 18245        33.2810        34.1937        34.1170        33.4265        33.4498         0.0001         0.0000        70.8030       -30.9680        23.2930        52.4040 
UPC1 UPC2 06 24 077 18250        33.3000        34.1947        34.2280        33.4258        33.4472         0.0001         0.0000        70.8310       -30.8920        23.2610        52.4130 
UPC1 UPC2 06 24 077 18255        33.3270        34.1921        34.6340        33.4246        33.4445         0.0001         0.0000        70.8590       -30.8160        23.2290        52.4230 
UPC1 UPC2 06 24 077 18260        33.2930        34.1872        34.4580        33.4192        33.4418         0.0001         0.0000        70.8870       -30.7400        23.1970        52.4320 
UPC1 UPC2 06 24 077 18265        33.1780        34.1828        34.5200        33.4143        33.4391         0.0001         0.0000        70.9150       -30.6630        23.1650        52.4410 
UPC1 UPC2 06 24 077 18270        33.1880        34.1808        34.2960        33.4123        33.4366         0.0001         0.0000        70.9420       -30.5870        23.1330        52.4510 
UPC1 UPC2 06 24 077 18275        33.2890        34.1834        34.0680        33.4154        33.4339         0.0001         0.0000        70.9700       -30.5100        23.1010        52.4600 
UPC1 UPC2 06 24 077 18280        33.5330        34.1800        34.0460        33.4119        33.4311         0.0001         0.0000        70.9980       -30.4330        23.0690        52.4690 
UPC1 UPC2 06 24 077 18285        33.5700        34.1733        34.1570        33.4043        33.4285         0.0001         0.0000        71.0260       -30.3560        23.0370        52.4790 
UPC1 UPC2 06 24 077 18290        33.8250        34.1691        34.1930        33.3972        33.4259         0.0001         0.0000        71.0540       -30.2780        23.0050        52.4880 
UPC1 UPC2 06 24 077 18295        33.8780        34.1672        34.2880        33.3930        33.4231         0.0001         0.0000        71.0810       -30.2010        22.9740        52.4970 
UPC1 UPC2 06 24 077 18300        34.1260        34.1631        34.4260        33.3889        33.4205         0.0001         0.0000        71.1090       -30.1230        22.9420        52.5070 
UPC1 UPC2 06 24 077 18305        33.9580        34.1585        34.2440        33.3855        33.4178         0.0001         0.0000        71.1370       -30.0460        22.9100        52.5160 
UPC1 UPC2 06 24 077 18310        33.9700        34.1529        34.2480        33.3825        33.4151         0.0001         0.0000        71.1640       -29.9680        22.8780        52.5260 
UPC1 UPC2 06 24 077 18315        34.1710        34.1505        34.5250        33.3801        33.4125         0.0001         0.0000        71.1920       -29.8890        22.8460        52.5350 
UPC1 UPC2 06 24 077 18320        33.9590        34.1500        34.6340        33.3814        33.4098         0.0001         0.0000        71.2200       -29.8110        22.8140        52.5450 
UPC1 UPC2 06 24 077 18325        33.6470        34.1490        34.5770        33.3802        33.4072         0.0001         0.0000        71.2480       -29.7330        22.7820        52.5540 
UPC1 UPC2 06 24 077 18330        33.7450        34.1431        34.4170        33.3743        33.4044         0.0001         0.0000        71.2750       -29.6540        22.7500        52.5640 
UPC1 UPC2 06 24 077 18335        33.6630        34.1438        34.0900        33.3743        33.4019         0.0001         0.0000        71.3030       -29.5750        22.7190        52.5730 
UPC1 UPC2 06 24 077 18340        33.7380        34.1449        33.8510        33.3765        33.3991         0.0001         0.0000        71.3300       -29.4960        22.6870        52.5830 
UPC1 UPC2 06 24 077 18345        33.4960        34.1421        33.3790        33.3731        33.3964         0.0001         0.0000        71.3580       -29.4170        22.6550        52.5930 
UPC1 UPC2 06 24 077 18350        33.5630        34.1366        33.0500        33.3689        33.3938         0.0001         0.0000        71.3860       -29.3380        22.6230        52.6020 
UPC1 UPC2 06 24 077 18355        33.3060        34.1348        32.9760        33.3660        33.3912         0.0001         0.0000        71.4130       -29.2580        22.5910        52.6120 
UPC1 UPC2 06 24 077 18360        33.3540        34.1304        32.7830        33.3634        33.3884         0.0001         0.0000        71.4410       -29.1790        22.5590        52.6210 
UPC1 UPC2 06 24 077 18365        33.6750        34.1277        32.7740        33.3619        33.3857         0.0001         0.0000        71.4680       -29.0990        22.5280        52.6310 
UPC1 UPC2 06 24 077 18370        33.6990        34.1195        32.8430        33.3538        33.3830         0.0001         0.0000        71.4960       -29.0190        22.4960        52.6410 
UPC1 UPC2 06 24 077 18375        33.6120        34.1252        32.5090        33.3599        33.3804         0.0001         0.0000        71.5230       -28.9390        22.4640        52.6500 
UPC1 UPC2 06 24 077 18380        33.7260        34.1218        32.4740        33.3552        33.3777         0.0001         0.0000        71.5510       -28.8580        22.4320        52.6600 
UPC1 UPC2 06 24 077 18385        34.0430        34.1189        32.5770        33.3520        33.3748         0.0001         0.0000        71.5780       -28.7780        22.4010        52.6700 
UPC1 UPC2 06 24 077 18390        34.1200        34.1176        32.2800        33.3510        33.3722         0.0001         0.0000        71.6060       -28.6970        22.3690        52.6800 
UPC1 UPC2 06 24 077 18395        33.9370        34.1107        32.3320        33.3435        33.3695         0.0001         0.0000        71.6330       -28.6160        22.3370        52.6890 
UPC1 UPC2 06 24 077 18400        33.6590        34.1052        32.1310        33.3386        33.3668         0.0001         0.0000        71.6610       -28.5350        22.3050        52.6990 
UPC1 UPC2 06 24 077 18405        33.4240        34.1037        31.9860        33.3383        33.3641         0.0001         0.0000        71.6880       -28.4540        22.2730        52.7090 
UPC1 UPC2 06 24 077 18410        33.4120        34.1007        31.9600        33.3357        33.3615         0.0001         0.0000        71.7160       -28.3730        22.2420        52.7190 
UPC1 UPC2 06 24 077 18415        33.4610        34.1039        32.1420        33.3403        33.3586         0.0001         0.0000        71.7430       -28.2910        22.2100        52.7280 
UPC1 UPC2 06 24 077 18420        33.3600        34.0930        31.7440        33.3325        33.3560         0.0001         0.0000        71.7700       -28.2090        22.1780        52.7380 
UPC1 UPC2 06 24 077 18425        33.1810        34.0944        32.0530        33.3340        33.3532         0.0001         0.0000        71.7980       -28.1270        22.1470        52.7480 
UPC1 UPC2 06 24 077 18430        33.0980        34.0910        32.2530        33.3306        33.3505         0.0001         0.0000        71.8250       -28.0450        22.1150        52.7580 
UPC1 UPC2 06 24 077 18435        32.9850        34.0919        32.5210        33.3295        33.3478         0.0001         0.0000        71.8520       -27.9630        22.0830        52.7680 
UPC1 UPC2 06 24 077 18440        32.7350        34.0901        32.7880        33.3268        33.3451         0.0001         0.0000        71.8800       -27.8800        22.0510        52.7780 
UPC1 UPC2 06 24 077 18445        32.7500        34.0895        32.9470        33.3264        33.3423         0.0001         0.0000        71.9070       -27.7970        22.0200        52.7880 
UPC1 UPC2 06 24 077 18450        32.8370        34.0879        33.0060        33.3223        33.3397         0.0001         0.0000        71.9340       -27.7150        21.9880        52.7980 
UPC1 UPC2 06 24 077 18455        32.7580        34.0841        33.2470        33.3158        33.3370         0.0001         0.0000        71.9620       -27.6310        21.9560        52.8080 
UPC1 UPC2 06 24 077 18460        32.8370        34.0860        33.2130        33.3163        33.3342         0.0001         0.0000        71.9890       -27.5480        21.9250        52.8170 
UPC1 UPC2 06 24 077 18465        32.8010        34.0851        32.9650        33.3131        33.3314         0.0001         0.0000        72.0160       -27.4650        21.8930        52.8270 
UPC1 UPC2 06 24 077 18470        32.6650        34.0801        32.8660        33.3081        33.3288         0.0001         0.0000        72.0430       -27.3810        21.8610        52.8370 
UPC1 UPC2 06 24 077 18475        32.7780        34.0778        32.9980        33.3049        33.3260         0.0001         0.0000        72.0710       -27.2970        21.8300        52.8470 
UPC1 UPC2 06 24 077 18480        32.7220        34.0750        33.3440        33.3016        33.3233         0.0001         0.0000        72.0980       -27.2130        21.7980        52.8570 
UPC1 UPC2 06 24 077 18485        32.8270        34.0692        33.3180        33.2956        33.3206         0.0001         0.0000        72.1250       -27.1290        21.7660        52.8680 
UPC1 UPC2 06 24 077 18490        33.0610        34.0739        33.4420        33.3005        33.3178         0.0001         0.0000        72.1520       -27.0450        21.7350        52.8780 
UPC1 UPC2 06 24 077 18495        33.1720        34.0648        32.7750        33.2928        33.3152         0.0001         0.0000        72.1790       -26.9600        21.7030        52.8880 
UPC1 UPC2 06 24 077 18500        33.3190        34.0654        32.5550        33.2932        33.3124         0.0001         0.0000        72.2060       -26.8750        21.6710        52.8980 
UPC1 UPC2 06 24 077 18505        33.2500        34.0624        32.4280        33.2912        33.3097         0.0001         0.0000        72.2330       -26.7900        21.6400        52.9080 
UPC1 UPC2 06 24 077 18510        33.1190        34.0600        32.5530        33.2885        33.3069         0.0001         0.0000        72.2610       -26.7050        21.6080        52.9180 
UPC1 UPC2 06 24 077 18515        32.7480        34.0603        32.5370        33.2888        33.3042         0.0001         0.0000        72.2880       -26.6190        21.5770        52.9280 
UPC1 UPC2 06 24 077 18520        32.6880        34.0558        32.4770        33.2864        33.3014         0.0001         0.0000        72.3150       -26.5340        21.5450        52.9380 
UPC1 UPC2 06 24 077 18525        32.7110        34.0573        32.7010        33.2886        33.2988         0.0001         0.0000        72.3420       -26.4480        21.5130        52.9480 
UPC1 UPC2 06 24 077 18530        32.8610        34.0504        32.9690        33.2825        33.2960         0.0001         0.0000        72.3690       -26.3620        21.4820        52.9590 
UPC1 UPC2 06 24 077 18535        32.3630        34.0498        33.3750        33.2810        33.2932         0.0001         0.0000        72.3960       -26.2760        21.4500        52.9690 
UPC1 UPC2 06 24 077 18540        32.0810        34.0452        33.6930        33.2719        33.2905         0.0001         0.0000        72.4230       -26.1900        21.4190        52.9790 
UPC1 UPC2 06 24 077 18545        31.8590        34.0434        33.4810        33.2677        33.2877         0.0001         0.0000        72.4500       -26.1030        21.3870        52.9890 
UPC1 UPC2 06 24 077 18550        31.9120        34.0393        33.8110        33.2638        33.2849         0.0001         0.0000        72.4770       -26.0160        21.3560        53.0000 
UPC1 UPC2 06 24 077 18555        32.1950        34.0410        33.8910        33.2663        33.2822         0.0001         0.0000        72.5040       -25.9290        21.3240        53.0100 
UPC1 UPC2 06 24 077 18560        32.4750        34.0342        33.9620        33.2602        33.2794         0.0001         0.0000        72.5300       -25.8420        21.2930        53.0200 
UPC1 UPC2 06 24 077 18565        32.7780        34.0306        34.0620        33.2557        33.2766         0.0001         0.0000        72.5570       -25.7550        21.2610        53.0300 
UPC1 UPC2 06 24 077 18570        32.8010        34.0285        34.3500        33.2551        33.2738         0.0001         0.0000        72.5840       -25.6670        21.2290        53.0410 
UPC1 UPC2 06 24 077 18575        32.4910        34.0211        34.4770        33.2487        33.2713         0.0001         0.0000        72.6110       -25.5790        21.1980        53.0510 
UPC1 UPC2 06 24 077 18580        32.6790        34.0175        34.2920        33.2472        33.2685         0.0001         0.0000        72.6380       -25.4910        21.1660        53.0610 
UPC1 UPC2 06 24 077 18585        32.9260        34.0180        34.4490        33.2502        33.2656         0.0001         0.0000        72.6650       -25.4030        21.1350        53.0720 
UPC1 UPC2 06 24 077 18590        33.0100        34.0150        34.5890        33.2468        33.2629         0.0001         0.0000        72.6910       -25.3140        21.1030        53.0820 
UPC1 UPC2 06 24 077 18595        33.0710        34.0131        34.5660        33.2468        33.2600         0.0002         0.0000        72.7180       -25.2260        21.0720        53.0930 
UPC1 UPC2 06 24 077 18600        33.1100        34.0095        34.5680        33.2438        33.2574         0.0001         0.0000        72.7450       -25.1370        21.0400        53.1030 
UPC1 UPC2 06 24 077 18605        33.1020        34.0065        34.7410        33.2395        33.2546         0.0001         0.0000        72.7720       -25.0480        21.0090        53.1130 
UPC1 UPC2 06 24 077 18610        33.3030        34.0026        34.6960        33.2360        33.2518         0.0001         0.0000        72.7980       -24.9580        20.9770        53.1240 
UPC1 UPC2 06 24 077 18615        32.9890        33.9975        34.5620        33.2324        33.2491         0.0002         0.0000        72.8250       -24.8690        20.9460        53.1340 
UPC1 UPC2 06 24 077 18620        32.7680        33.9988        34.5740        33.2368        33.2462         0.0001         0.0000        72.8520       -24.7790        20.9150        53.1450 
UPC1 UPC2 06 24 077 18625        32.8450        33.9952        34.6120        33.2327        33.2436         0.0001         0.0000        72.8780       -24.6890        20.8830        53.1550 
UPC1 UPC2 06 24 077 18630        32.9680        33.9869        34.7790        33.2244        33.2407         0.0001         0.0000        72.9050       -24.5990        20.8520        53.1660 
UPC1 UPC2 06 24 077 18635        32.9920        33.9850        34.5750        33.2233        33.2379         0.0002         0.0000        72.9320       -24.5090        20.8200        53.1760 
UPC1 UPC2 06 24 077 18640        33.0410        33.9846        34.4240        33.2238        33.2352         0.0001         0.0000        72.9580       -24.4180        20.7890        53.1870 
UPC1 UPC2 06 24 077 18645        33.0340        33.9768        34.4380        33.2136        33.2323         0.0001         0.0000        72.9850       -24.3270        20.7570        53.1970 
UPC1 UPC2 06 24 077 18650        33.3350        33.9760        34.7070        33.2128        33.2297         0.0002         0.0000        73.0110       -24.2360        20.7260        53.2080 
UPC1 UPC2 06 24 077 18655        33.8290        33.9718        34.8460        33.2094        33.2269         0.0002         0.0000        73.0380       -24.1450        20.6950        53.2190 
UPC1 UPC2 06 24 077 18660        33.7520        33.9719        35.0020        33.2092        33.2241         0.0001         0.0000        73.0650       -24.0540        20.6630        53.2290 
UPC1 UPC2 06 24 077 18665        33.6410        33.9679        34.8210        33.2062        33.2213         0.0001         0.0000        73.0910       -23.9620        20.6320        53.2400 
UPC1 UPC2 06 24 077 18670        33.3870        33.9586        34.7050        33.1996        33.2186         0.0001         0.0000        73.1170       -23.8700        20.6000        53.2500 
UPC1 UPC2 06 24 077 18675        33.3620        33.9610        34.3590        33.2018        33.2158         0.0002         0.0000        73.1440       -23.7780        20.5690        53.2610 
UPC1 UPC2 06 24 077 18680        33.6800        33.9547        34.3660        33.1965        33.2130         0.0001         0.0000        73.1700       -23.6860        20.5380        53.2720 
UPC1 UPC2 06 24 077 18685        33.4830        33.9541        34.3060        33.1970        33.2101         0.0002         0.0000        73.1970       -23.5930        20.5060        53.2820 
UPC1 UPC2 06 24 077 18690        33.5300        33.9469        34.3000        33.1908        33.2073         0.0002         0.0000        73.2230       -23.5000        20.4750        53.2930 
UPC1 UPC2 06 24 077 18695        33.6380        33.9490        34.3310        33.1919        33.2047         0.0002         0.0000        73.2490       -23.4070        20.4430        53.3040 
UPC1 UPC2 06 24 077 18700        33.5450        33.9404        34.2580        33.1843        33.2018         0.0002         0.0000        73.2760       -23.3140        20.4120        53.3140 
UPC1 UPC2 06 24 077 18705        33.6540        33.9387        33.7010        33.1820        33.1991         0.0001         0.0000        73.3020       -23.2200        20.3810        53.3250 
UPC1 UPC2 06 24 077 18710        33.7700        33.9385        33.4460        33.1796        33.1963         0.0002         0.0000        73.3280       -23.1270        20.3490        53.3360 
UPC1 UPC2 06 24 077 18715        33.8350        33.9355        33.2310        33.1785        33.1933         0.0001         0.0000        73.3550       -23.0330        20.3180        53.3470 
UPC1 UPC2 06 24 077 18720        34.1220        33.9329        33.1870        33.1747        33.1906         0.0002         0.0000        73.3810       -22.9380        20.2870        53.3580 
UPC1 UPC2 06 24 077 18725        34.2880        33.9282        33.4900        33.1691        33.1878         0.0002         0.0000        73.4070       -22.8440        20.2550        53.3680 
UPC1 UPC2 06 24 077 18730        34.4720        33.9217        33.4700        33.1632        33.1851         0.0002         0.0000        73.4330       -22.7490        20.2240        53.3790 
UPC1 UPC2 06 24 077 18735        34.2910        33.9150        33.3350        33.1557        33.1822         0.0002         0.0000        73.4600       -22.6540        20.1930        53.3900 
UPC1 UPC2 06 24 077 18740        34.1940        33.9124        33.1880        33.1557        33.1794         0.0002         0.0000        73.4860       -22.5590        20.1620        53.4010 
UPC1 UPC2 06 24 077 18745        33.8610        33.9098        33.5010        33.1530        33.1766         0.0002         0.0000        73.5120       -22.4640        20.1300        53.4120 
UPC1 UPC2 06 24 077 18750        34.1400        33.9042        33.3600        33.1469        33.1738         0.0002         0.0000        73.5380       -22.3680        20.0990        53.4230 
UPC1 UPC2 06 24 077 18755        34.0260        33.8985        33.0330        33.1427        33.1710         0.0001         0.0000        73.5640       -22.2720        20.0680        53.4330 
UPC1 UPC2 06 24 077 18760        33.9880        33.9030        33.5220        33.1491        33.1682         0.0002         0.0000        73.5900       -22.1760        20.0360        53.4440 
UPC1 UPC2 06 24 077 18765        33.6910        33.9010        33.4190        33.1470        33.1653         0.0002         0.0000        73.6160       -22.0800        20.0050        53.4550 
UPC1 UPC2 06 24 077 18770        33.7440        33.8989        33.5060        33.1468        33.1625         0.0002         0.0000        73.6420       -21.9830        19.9740        53.4660 
UPC1 UPC2 06 24 077 18775        33.6700        33.8923        33.6000        33.1394        33.1597         0.0002         0.0000        73.6680       -21.8870        19.9430        53.4770 
UPC1 UPC2 06 24 077 18780        33.6140        33.8947        33.4460        33.1398        33.1569         0.0002         0.0000        73.6940       -21.7900        19.9110        53.4880 
UPC1 UPC2 06 24 077 18785        33.5260        33.8910        33.3520        33.1336        33.1541         0.0002         0.0000        73.7200       -21.6920        19.8800        53.4990 
UPC1 UPC2 06 24 077 18790        33.5260        33.8864        33.3940        33.1276        33.1512         0.0002         0.0000        73.7460       -21.5950        19.8490        53.5100 
UPC1 UPC2 06 24 077 18795        33.2360        33.8871        33.4640        33.1272        33.1485         0.0002         0.0000        73.7720       -21.4970        19.8180        53.5210 
UPC1 UPC2 06 24 077 18800        33.1860        33.8846        33.7090        33.1244        33.1457         0.0002         0.0000        73.7980       -21.3990        19.7870        53.5320 
UPC1 UPC2 06 24 077 18805        32.9630        33.8812        33.6010        33.1197        33.1427         0.0002         0.0000        73.8240       -21.3010        19.7550        53.5430 
UPC1 UPC2 06 24 077 18810        32.7150        33.8767        33.7910        33.1173        33.1400         0.0002         0.0000        73.8500       -21.2020        19.7240        53.5540 
UPC1 UPC2 06 24 077 18815        32.7750        33.8745        33.4630        33.1160        33.1371         0.0002         0.0000        73.8750       -21.1030        19.6930        53.5650 
UPC1 UPC2 06 24 077 18820        32.9850        33.8690        33.1840        33.1089        33.1343         0.0002         0.0000        73.9010       -21.0040        19.6620        53.5760 
UPC1 UPC2 06 24 077 18825        32.8900        33.8676        32.9450        33.1086        33.1315         0.0002         0.0000        73.9270       -20.9050        19.6310        53.5880 
UPC1 UPC2 06 24 077 18830        32.8810        33.8653        32.8130        33.1074        33.1286         0.0002         0.0000        73.9530       -20.8050        19.5990        53.5990 
UPC1 UPC2 06 24 077 18835        32.7790        33.8673        32.4870        33.1110        33.1260         0.0002         0.0000        73.9780       -20.7060        19.5680        53.6100 
UPC1 UPC2 06 24 077 18840        32.6730        33.8611        32.5870        33.1054        33.1231         0.0002         0.0000        74.0040       -20.6050        19.5370        53.6210 
UPC1 UPC2 06 24 077 18845        32.3700        33.8656        32.5090        33.1073        33.1202         0.0002         0.0000        74.0300       -20.5050        19.5060        53.6320 
UPC1 UPC2 06 24 077 18850        32.5890        33.8569        32.5020        33.0978        33.1175         0.0002         0.0000        74.0550       -20.4050        19.4750        53.6430 
UPC1 UPC2 06 24 077 18855        32.5770        33.8539        32.5760        33.0927        33.1146         0.0002         0.0000        74.0810       -20.3040        19.4440        53.6540 
UPC1 UPC2 06 24 077 18860        32.5080        33.8523        32.6250        33.0907        33.1118         0.0002         0.0000        74.1060       -20.2030        19.4130        53.6660 
UPC1 UPC2 06 24 077 18865        32.1970        33.8519        32.6860        33.0897        33.1089         0.0002         0.0000        74.1320       -20.1010        19.3810        53.6770 
UPC1 UPC2 06 24 077 18870        32.3940        33.8456        32.5760        33.0822        33.1062         0.0002         0.0000        74.1570       -20.0000        19.3500        53.6880 
UPC1 UPC2 06 24 077 18875        32.9290        33.8432        32.5740        33.0776        33.1032         0.0002         0.0000        74.1830       -19.8980        19.3190        53.6990 
UPC1 UPC2 06 24 077 18880        33.2200        33.8407        32.7010        33.0759        33.1004         0.0002         0.0000        74.2080       -19.7960        19.2880        53.7110 
UPC1 UPC2 06 24 077 18885        33.2090        33.8353        33.3060        33.0685        33.0976         0.0002         0.0000        74.2340       -19.6930        19.2570        53.7220 
UPC1 UPC2 06 24 077 18890        33.3300        33.8423        33.3410        33.0724        33.0947         0.0002         0.0000        74.2590       -19.5910        19.2260        53.7330 
UPC1 UPC2 06 24 077 18895        32.9530        33.8402        33.2490        33.0668        33.0918         0.0002         0.0000        74.2850       -19.4880        19.1950        53.7450 
UPC1 UPC2 06 24 077 18900        33.0030        33.8367        33.1830        33.0638        33.0890         0.0002         0.0000        74.3100       -19.3840        19.1640        53.7560 
UPC1 UPC2 06 24 077 18905        33.0620        33.8285        32.7750        33.0553        33.0862         0.0002         0.0000        74.3350       -19.2810        19.1330        53.7670 
UPC1 UPC2 06 24 077 18910        33.1480        33.8341        32.6890        33.0600        33.0833         0.0002         0.0000        74.3610       -19.1770        19.1020        53.7790 
UPC1 UPC2 06 24 077 18915        33.3880        33.8249        32.2890        33.0511        33.0805         0.0002         0.0000        74.3860       -19.0730        19.0710        53.7900 
UPC1 UPC2 06 24 077 18920        33.6050        33.8266        31.9860        33.0518        33.0777         0.0002         0.0000        74.4110       -18.9690        19.0400        53.8010 
UPC1 UPC2 06 24 077 18925        33.7120        33.8205        32.0600        33.0487        33.0748         0.0002         0.0000        74.4360       -18.8640        19.0090        53.8130 
UPC1 UPC2 06 24 077 18930        34.1880        33.8258        32.0410        33.0548        33.0719         0.0002         0.0000        74.4610       -18.7590        18.9770        53.8240 
UPC1 UPC2 06 24 077 18935        34.4560        33.8129        31.8530        33.0427        33.0692         0.0002         0.0000        74.4870       -18.6540        18.9460        53.8360 
UPC1 UPC2 06 24 077 18940        34.5290        33.8144        31.4730        33.0461        33.0664         0.0002         0.0000        74.5120       -18.5490        18.9150        53.8470 
UPC1 UPC2 06 24 077 18945        34.6330        33.8110        31.3890        33.0428        33.0634         0.0002         0.0000        74.5370       -18.4430        18.8840        53.8580 
UPC1 UPC2 06 24 077 18950        34.6790        33.8051        31.4220        33.0387        33.0606         0.0002         0.0000        74.5620       -18.3370        18.8530        53.8700 
UPC1 UPC2 06 24 077 18955        34.5700        33.8035        31.7660        33.0370        33.0577         0.0002         0.0000        74.5870       -18.2310        18.8220        53.8810 
UPC1 UPC2 06 24 077 18960        34.3030        33.8028        31.3320        33.0319        33.0549         0.0002         0.0000        74.6120       -18.1240        18.7910        53.8930 
UPC1 UPC2 06 24 077 18965        34.1590        33.7977        31.1920        33.0282        33.0520         0.0002         0.0000        74.6370       -18.0180        18.7600        53.9040 
UPC1 UPC2 06 24 077 18970        33.8480        33.8001        31.1790        33.0284        33.0492         0.0002         0.0000        74.6620       -17.9110        18.7290        53.9160 
UPC1 UPC2 06 24 077 18975        33.7810        33.7991        31.4100        33.0275        33.0463         0.0002         0.0000        74.6870       -17.8030        18.6980        53.9280 
UPC1 UPC2 06 24 077 18980        33.4860        33.7957        31.6200        33.0231        33.0434         0.0002         0.0000        74.7120       -17.6960        18.6680        53.9390 
UPC1 UPC2 06 24 077 18985        33.6540        33.7954        31.7340        33.0209        33.0406         0.0002         0.0000        74.7370       -17.5880        18.6370        53.9510 
UPC1 UPC2 06 24 077 18990        33.7910        33.7877        31.6440        33.0118        33.0378         0.0002         0.0000        74.7610       -17.4790        18.6060        53.9620 
UPC1 UPC2 06 24 077 18995        33.9820        33.7885        32.0560        33.0116        33.0349         0.0002         0.0000        74.7860       -17.3710        18.5750        53.9740 
UPC1 UPC2 06 24 077 19000        34.0410        33.7831        32.4040        33.0055        33.0321         0.0002         0.0000        74.8110       -17.2620        18.5440        53.9850 
UPC1 UPC2 06 24 077 19005        34.3480        33.7760        32.0560        32.9979        33.0292         0.0002         0.0000        74.8360       -17.1530        18.5130        53.9970 
UPC1 UPC2 06 24 077 19010        34.6060        33.7720        32.2790        32.9957        33.0264         0.0002         0.0000        74.8600       -17.0440        18.4820        54.0090 
UPC1 UPC2 06 24 077 19015        34.7030        33.7741        32.4570        32.9994        33.0235         0.0002         0.0000        74.8850       -16.9340        18.4510        54.0200 
UPC1 UPC2 06 24 077 19020        35.0470        33.7708        32.3810        32.9947        33.0206         0.0002         0.0000        74.9100       -16.8240        18.4200        54.0320 
UPC1 UPC2 06 24 077 19025        35.1000        33.7690        32.4580        32.9935        33.0177         0.0002         0.0000        74.9340       -16.7140        18.3890        54.0440 
UPC1 UPC2 06 24 077 19030        34.6870        33.7646        32.2750        32.9869        33.0147         0.0002         0.0000        74.9590       -16.6030        18.3580        54.0560 
UPC1 UPC2 06 24 077 19035        34.7160        33.7651        32.5960        32.9862        33.0120         0.0002         0.0000        74.9830       -16.4920        18.3270        54.0670 
UPC1 UPC2 06 24 077 19040        34.8790        33.7605        32.4500        32.9806        33.0091         0.0002         0.0000        75.0080       -16.3810        18.2960        54.0790 
UPC1 UPC2 06 24 077 19045        34.6780        33.7620        32.6190        32.9816        33.0063         0.0002         0.0000        75.0320       -16.2700        18.2660        54.0910 
UPC1 UPC2 06 24 077 19050        34.4670        33.7627        32.4640        32.9835        33.0034         0.0002         0.0000        75.0570       -16.1580        18.2350        54.1020 
UPC1 UPC2 06 24 077 19055        34.7150        33.7578        32.3510        32.9794        33.0005         0.0002         0.0000        75.0810       -16.0460        18.2040        54.1140 
UPC1 UPC2 06 24 077 19060        34.6480        33.7543        32.3070        32.9762        32.9976         0.0002         0.0000        75.1050       -15.9330        18.1730        54.1260 
UPC1 UPC2 06 24 077 19065        34.4610        33.7529        32.3780        32.9752        32.9947         0.0002         0.0000        75.1300       -15.8210        18.1420        54.1380 
UPC1 UPC2 06 24 077 19070        34.6020        33.7471        32.2620        32.9704        32.9918         0.0002         0.0000        75.1540       -15.7080        18.1110        54.1500 
UPC1 UPC2 06 24 077 19075        34.5510        33.7456        32.4050        32.9696        32.9891         0.0002         0.0000        75.1780       -15.5940        18.0800        54.1620 
UPC1 UPC2 06 24 077 19080        34.7190        33.7387        32.5120        32.9649        32.9862         0.0002         0.0000        75.2030       -15.4810        18.0500        54.1730 
UPC1 UPC2 06 24 077 19085        34.6490        33.7334        32.7030        32.9624        32.9833         0.0002         0.0000        75.2270       -15.3670        18.0190        54.1850 
UPC1 UPC2 06 24 077 19090        34.6610        33.7309        32.3470        32.9618        32.9803         0.0002         0.0000        75.2510       -15.2530        17.9880        54.1970 
UPC1 UPC2 06 24 077 19095        34.7190        33.7230        32.5680        32.9558        32.9775         0.0002         0.0000        75.2750       -15.1380        17.9570        54.2090 
UPC1 UPC2 06 24 077 19100        34.6450        33.7212        32.8810        32.9562        32.9745         0.0002         0.0000        75.2990       -15.0230        17.9260        54.2210 
UPC1 UPC2 06 24 077 19105        34.8050        33.7115        32.6700        32.9492        32.9718         0.0002         0.0000        75.3230       -14.9080        17.8960        54.2330 
UPC1 UPC2 06 24 077 19110        34.2180        33.7107        32.6150        32.9508        32.9689         0.0002         0.0000        75.3470       -14.7930        17.8650        54.2450 
UPC1 UPC2 06 24 077 19115        34.4030        33.7032        32.5920        32.9435        32.9659         0.0002         0.0000        75.3710       -14.6770        17.8340        54.2570 
UPC1 UPC2 06 24 077 19120        34.1510        33.7054        32.2820        32.9471        32.9631         0.0002         0.0000        75.3950       -14.5610        17.8030        54.2690 
UPC1 UPC2 06 24 077 19125        33.8940        33.6995        32.3580        32.9454        32.9601         0.0002         0.0000        75.4190       -14.4440        17.7730        54.2810 
UPC1 UPC2 06 24 077 19130        33.7690        33.6981        32.5980        32.9487        32.9573         0.0002         0.0000        75.4430       -14.3280        17.7420        54.2930 
UPC1 UPC2 06 24 077 19135        33.3260        33.6933        32.7600        32.9466        32.9545         0.0002         0.0000        75.4670       -14.2110        17.7110        54.3050 
UPC1 UPC2 06 24 077 19140        33.5050        33.6907        32.8380        32.9449        32.9515         0.0002         0.0000        75.4910       -14.0930        17.6800        54.3170 
UPC1 UPC2 06 24 077 19145        33.1730        33.6903        33.0340        32.9432        32.9487         0.0002         0.0000        75.5140       -13.9760        17.6500        54.3290 
UPC1 UPC2 06 24 077 19150        33.5500        33.6881        33.0400        32.9405        32.9457         0.0002         0.0000        75.5380       -13.8580        17.6190        54.3410 
UPC1 UPC2 06 24 077 19155        33.3640        33.6852        32.9480        32.9359        32.9429         0.0002         0.0000        75.5620       -13.7390        17.5880        54.3530 
UPC1 UPC2 06 24 077 19160        33.4420        33.6832        32.9720        32.9342        32.9400         0.0002         0.0000        75.5850       -13.6210        17.5570        54.3650 
UPC1 UPC2 06 24 077 19165        33.9910        33.6765        33.3320        32.9283        32.9371         0.0002         0.0000        75.6090       -13.5020        17.5270        54.3770 
UPC1 UPC2 06 24 077 19170        34.1270        33.6725        33.5300        32.9244        32.9342         0.0002         0.0000        75.6330       -13.3820        17.4960        54.3890 
UPC1 UPC2 06 24 077 19175        34.1810        33.6718        33.2140        32.9257        32.9313         0.0002         0.0000        75.6560       -13.2630        17.4650        54.4010 
UPC1 UPC2 06 24 077 19180        34.3300        33.6705        33.5970        32.9254        32.9284         0.0002         0.0000        75.6800       -13.1430        17.4350        54.4130 
UPC1 UPC2 06 24 077 19185        34.2560        33.6666        33.6940        32.9224        32.9256         0.0002         0.0000        75.7030       -13.0220        17.4040        54.4250 
UPC1 UPC2 06 24 077 19190        34.4420        33.6616        33.5670        32.9170        32.9226         0.0002         0.0000        75.7270       -12.9020        17.3730        54.4380 
UPC1 UPC2 06 24 077 19195        34.2870        33.6592        33.3610        32.9164        32.9198         0.0002         0.0000        75.7500       -12.7810        17.3430        54.4500 
UPC1 UPC2 06 24 077 19200        33.9510        33.6555        33.5540        32.9146        32.9168         0.0002         0.0000        75.7730       -12.6590        17.3120        54.4620 
UPC1 UPC2 06 24 077 19205        34.1080        33.6550        33.6910        32.9144        32.9139         0.0002         0.0000        75.7970       -12.5380        17.2810        54.4740 
UPC1 UPC2 06 24 077 19210        34.5930        33.6471        33.8250        32.9096        32.9110         0.0002         0.0000        75.8200       -12.4160        17.2510        54.4860 
UPC1 UPC2 06 24 077 19215        34.8680        33.6422        34.1350        32.9046        32.9082         0.0002         0.0000        75.8430       -12.2940        17.2200        54.4990 
UPC1 UPC2 06 24 077 19220        35.0810        33.6412        34.4090        32.9039        32.9053         0.0002         0.0000        75.8660       -12.1710        17.1890        54.5110 
UPC1 UPC2 06 24 077 19225        35.0880        33.6375        34.1240        32.8997        32.9024         0.0002         0.0000        75.8890       -12.0480        17.1590        54.5230 
UPC1 UPC2 06 24 077 19230        35.1520        33.6342        34.2650        32.8967        32.8994         0.0002         0.0000        75.9130       -11.9250        17.1280        54.5350 
UPC1 UPC2 06 24 077 19235        34.8990        33.6283        33.8540        32.8897        32.8965         0.0002         0.0000        75.9360       -11.8010        17.0970        54.5480 
UPC1 UPC2 06 24 077 19240        34.7000        33.6258        34.0710        32.8868        32.8936         0.0002         0.0000        75.9590       -11.6770        17.0670        54.5600 
UPC1 UPC2 06 24 077 19245        34.3900        33.6199        34.1230        32.8820        32.8907         0.0002         0.0000        75.9820       -11.5520        17.0360        54.5720 
UPC1 UPC2 06 24 077 19250        34.1020        33.6211        34.1970        32.8785        32.8879         0.0002         0.0000        76.0050       -11.4280        17.0060        54.5840 
UPC1 UPC2 06 24 077 19255        34.0240        33.6224        34.1560        32.8773        32.8849         0.0002         0.0000        76.0270       -11.3030        16.9750        54.5970 
UPC1 UPC2 06 24 077 19260        33.6890        33.6179        33.9630        32.8688        32.8820         0.0002         0.0000        76.0500       -11.1770        16.9450        54.6090 
UPC1 UPC2 06 24 077 19265        33.4910        33.6131        33.8590        32.8600        32.8792         0.0002         0.0000        76.0730       -11.0510        16.9140        54.6220 
UPC1 UPC2 06 24 077 19270        33.4390        33.6163        34.0140        32.8618        32.8762         0.0002         0.0000        76.0960       -10.9250        16.8830        54.6340 
UPC1 UPC2 06 24 077 19275        33.5710        33.6117        34.2130        32.8541        32.8733         0.0002         0.0000        76.1190       -10.7990        16.8530        54.6460 
UPC1 UPC2 06 24 077 19280        33.1780        33.6140        33.9590        32.8570        32.8705         0.0002         0.0000        76.1410       -10.6720        16.8220        54.6590 
UPC1 UPC2 06 24 077 19285        33.0720        33.6089        34.1580        32.8468        32.8676         0.0002         0.0000        76.1640       -10.5450        16.7920        54.6710 
UPC1 UPC2 06 24 077 19290        33.0130        33.6010        33.8810        32.8346        32.8646         0.0002         0.0000        76.1870       -10.4170        16.7610        54.6840 
UPC1 UPC2 06 24 077 19295        32.7960        33.5976        34.0750        32.8277        32.8615         0.0002         0.0000        76.2090       -10.2890        16.7310        54.6960 
UPC1 UPC2 06 24 077 19300        32.7460        33.5975        34.3530        32.8286        32.8588         0.0002         0.0000        76.2320       -10.1610        16.7000        54.7080 
UPC1 UPC2 06 24 077 19305        32.6030        33.5920        34.3310        32.8216        32.8558         0.0002         0.0000        76.2540       -10.0330        16.6700        54.7210 
UPC1 UPC2 06 24 077 19310        32.8880        33.5929        33.8880        32.8178        32.8529         0.0002         0.0000        76.2760        -9.9040        16.6390        54.7330 
UPC1 UPC2 06 24 077 19315        32.8210        33.5891        33.6200        32.8162        32.8500         0.0002         0.0000        76.2990        -9.7740        16.6090        54.7460 
UPC1 UPC2 06 24 077 19320        32.3860        33.5902        33.8720        32.8172        32.8471         0.0002         0.0000        76.3210        -9.6450        16.5780        54.7580 
UPC1 UPC2 06 24 077 19325        32.5570        33.5801        33.8620        32.8053        32.8442         0.0002         0.0000        76.3430        -9.5150        16.5480        54.7710 
UPC1 UPC2 06 24 077 19330        32.5050        33.5776        33.5600        32.8024        32.8413         0.0002         0.0000        76.3660        -9.3840        16.5170        54.7830 
UPC1 UPC2 06 24 077 19335        32.4180        33.5849        33.0960        32.8077        32.8383         0.0002         0.0000        76.3880        -9.2530        16.4870        54.7960 
UPC1 UPC2 06 24 077 19340        33.1060        33.5746        32.8750        32.7974        32.8355         0.0002         0.0000        76.4100        -9.1220        16.4560        54.8090 
UPC1 UPC2 06 24 077 19345        33.5760        33.5747        32.7080        32.7990        32.8325         0.0002         0.0000        76.4320        -8.9910        16.4260        54.8210 
UPC1 UPC2 06 24 077 19350        33.3790        33.5703        32.7820        32.7921        32.8297         0.0002         0.0000        76.4540        -8.8590        16.3950        54.8340 
UPC1 UPC2 06 24 077 19355        33.1420        33.5692        32.2300        32.7886        32.8267         0.0002         0.0000        76.4760        -8.7270        16.3650        54.8460 
UPC1 UPC2 06 24 077 19360        32.9080        33.5660        32.0110        32.7879        32.8238         0.0002         0.0000        76.4980        -8.5940        16.3340        54.8590 
UPC1 UPC2 06 24 077 19365        32.8070        33.5662        31.8750        32.7854        32.8208         0.0002         0.0000        76.5200        -8.4610        16.3040        54.8720 
UPC1 UPC2 06 24 077 19370        33.2280        33.5634        32.0040        32.7820        32.8179         0.0002         0.0000        76.5420        -8.3280        16.2740        54.8840 
UPC1 UPC2 06 24 077 19375        32.9280        33.5621        32.0480        32.7809        32.8150         0.0002         0.0000        76.5640        -8.1940        16.2430        54.8970 
UPC1 UPC2 06 24 077 19380        33.0120        33.5563        31.4890        32.7752        32.8121         0.0002         0.0000        76.5850        -8.0600        16.2130        54.9100 
UPC1 UPC2 06 24 077 19385        32.8730        33.5573        31.3050        32.7788        32.8091         0.0002         0.0000        76.6070        -7.9260        16.1820        54.9220 
UPC1 UPC2 06 24 077 19390        33.0170        33.5571        31.0270        32.7788        32.8063         0.0002         0.0000        76.6290        -7.7910        16.1520        54.9350 
UPC1 UPC2 06 24 077 19395        32.8570        33.5509        31.2560        32.7699        32.8033         0.0002         0.0000        76.6500        -7.6550        16.1220        54.9480 
UPC1 UPC2 06 24 077 19400        32.7480        33.5461        31.1630        32.7655        32.8004         0.0002         0.0000        76.6720        -7.5200        16.0910        54.9600 
UPC1 UPC2 06 24 077 19405        32.9400        33.5507        30.8930        32.7697        32.7975         0.0002         0.0000        76.6940        -7.3840        16.0610        54.9730 
UPC1 UPC2 06 24 077 19410        33.0300        33.5458        30.8310        32.7634        32.7946         0.0002         0.0000        76.7150        -7.2480        16.0300        54.9860 
UPC1 UPC2 06 24 077 19415        32.8600        33.5444        30.5680        32.7635        32.7917         0.0002         0.0000        76.7360        -7.1110        16.0000        54.9990 
UPC1 UPC2 06 24 077 19420        32.8320        33.5391        30.4320        32.7583        32.7887         0.0002         0.0000        76.7580        -6.9740        15.9700        55.0110 
UPC1 UPC2 06 24 077 19425        32.8190        33.5372        30.2900        32.7588        32.7858         0.0002         0.0000        76.7790        -6.8360        15.9390        55.0240 
UPC1 UPC2 06 24 077 19430        32.1320        33.5370        30.5070        32.7594        32.7828         0.0002         0.0000        76.8000        -6.6980        15.9090        55.0370 
UPC1 UPC2 06 24 077 19435        31.7640        33.5314        30.8110        32.7517        32.7799         0.0002         0.0000        76.8220        -6.5600        15.8790        55.0500 
UPC1 UPC2 06 24 077 19440        32.0480        33.5288        30.7950        32.7495        32.7771         0.0002         0.0000        76.8430        -6.4210        15.8480        55.0630 
UPC1 UPC2 06 24 077 19445        31.9480        33.5305        30.7120        32.7503        32.7741         0.0002         0.0000        76.8640        -6.2820        15.8180        55.0750 
UPC1 UPC2 06 24 077 19450        32.2000        33.5321        31.0940        32.7525        32.7712         0.0002         0.0000        76.8850        -6.1430        15.7880        55.0880 
UPC1 UPC2 06 24 077 19455        31.7370        33.5297        31.4450        32.7483        32.7682         0.0002         0.0000        76.9060        -6.0030        15.7570        55.1010 
UPC1 UPC2 06 24 077 19460        31.8020        33.5211        31.3730        32.7360        32.7653         0.0002         0.0000        76.9270        -5.8630        15.7270        55.1140 
UPC1 UPC2 06 24 077 19465        31.7290        33.5225        31.0910        32.7333        32.7623         0.0002         0.0000        76.9480        -5.7220        15.6970        55.1270 
UPC1 UPC2 06 24 077 19470        31.9050        33.5145        31.0420        32.7271        32.7594         0.0002         0.0000        76.9690        -5.5810        15.6660        55.1400 
UPC1 UPC2 06 24 077 19475        32.3740        33.5173        31.0890        32.7310        32.7564         0.0002         0.0000        76.9890        -5.4400        15.6360        55.1530 
UPC1 UPC2 06 24 077 19480        32.3750        33.5151        31.4420        32.7285        32.7535         0.0002         0.0000        77.0100        -5.2980        15.6060        55.1660 
UPC1 UPC2 06 24 077 19485        32.4070        33.5087        31.7950        32.7220        32.7506         0.0002         0.0000        77.0310        -5.1560        15.5760        55.1790 
UPC1 UPC2 06 24 077 19490        32.4890        33.5032        32.1960        32.7176        32.7476         0.0002         0.0000        77.0510        -5.0130        15.5450        55.1920 
UPC1 UPC2 06 24 077 19495        33.0050        33.5004        32.0600        32.7164        32.7448         0.0002         0.0000        77.0720        -4.8700        15.5150        55.2050 
UPC1 UPC2 06 24 077 19500        33.1020        33.4968        32.2150        32.7146        32.7419         0.0002         0.0000        77.0920        -4.7270        15.4850        55.2180 
UPC1 UPC2 06 24 077 19505        32.9570        33.4950        31.8750        32.7139        32.7389         0.0002         0.0000        77.1130        -4.5830        15.4550        55.2310 
UPC1 UPC2 06 24 077 19510        32.9390        33.4957        31.8910        32.7156        32.7358         0.0002         0.0000        77.1330        -4.4390        15.4240        55.2440 
UPC1 UPC2 06 24 077 19515        32.9340        33.4911        31.9810        32.7122        32.7330         0.0002         0.0000        77.1540        -4.2940        15.3940        55.2570 
UPC1 UPC2 06 24 077 19520        33.0420        33.4876        31.6640        32.7071        32.7300         0.0002         0.0000        77.1740        -4.1490        15.3640        55.2700 
UPC1 UPC2 06 24 077 19525        33.2210        33.4856        31.5230        32.7058        32.7271         0.0003         0.0000        77.1940        -4.0040        15.3340        55.2830 
UPC1 UPC2 06 24 077 19530        33.2560        33.4788        31.5380        32.6984        32.7241         0.0002         0.0000        77.2140        -3.8580        15.3040        55.2960 
UPC1 UPC2 06 24 077 19535        33.3210        33.4781        31.4410        32.6980        32.7212         0.0003         0.0000        77.2340        -3.7120        15.2730        55.3090 
UPC1 UPC2 06 24 077 19540        33.6850        33.4769        31.1430        32.6977        32.7184         0.0002         0.0000        77.2550        -3.5650        15.2430        55.3220 
UPC1 UPC2 06 24 077 19545        33.7620        33.4676        31.0530        32.6897        32.7154         0.0003         0.0000        77.2750        -3.4180        15.2130        55.3350 
UPC1 UPC2 06 24 077 19550        33.6500        33.4705        31.1760        32.6956        32.7124         0.0002         0.0000        77.2940        -3.2710        15.1830        55.3480 
UPC1 UPC2 06 24 077 19555        33.6840        33.4665        31.1990        32.6929        32.7094         0.0003         0.0000        77.3140        -3.1230        15.1530        55.3610 
UPC1 UPC2 06 24 077 19560        33.9870        33.4604        31.4050        32.6861        32.7066         0.0003         0.0000        77.3340        -2.9750        15.1220        55.3740 
UPC1 UPC2 06 24 077 19565        34.3280        33.4538        31.6440        32.6793        32.7036         0.0002         0.0000        77.3540        -2.8260        15.0920        55.3880 
UPC1 UPC2 06 24 077 19570        34.5510        33.4470        31.9500        32.6741        32.7006         0.0003         0.0000        77.3740        -2.6770        15.0620        55.4010 
UPC1 UPC2 06 24 077 19575        34.3170        33.4430        32.3910        32.6732        32.6977         0.0003         0.0000        77.3930        -2.5280        15.0320        55.4140 
UPC1 UPC2 06 24 077 19580        34.1150        33.4440        32.5320        32.6752        32.6948         0.0003         0.0000        77.4130        -2.3780        15.0020        55.4270 
UPC1 UPC2 06 24 077 19585        34.1370        33.4393        32.8030        32.6730        32.6918         0.0003         0.0000        77.4320        -2.2270        14.9720        55.4400 
UPC1 UPC2 06 24 077 19590        34.0690        33.4341        32.9960        32.6663        32.6888         0.0003         0.0000        77.4520        -2.0770        14.9420        55.4540 
UPC1 UPC2 06 24 077 19595        33.9430        33.4341        33.6900        32.6683        32.6859         0.0003         0.0000        77.4710        -1.9260        14.9110        55.4670 
UPC1 UPC2 06 24 077 19600        33.4810        33.4278        33.4170        32.6615        32.6830         0.0003         0.0000        77.4910        -1.7740        14.8810        55.4800 
UPC1 UPC2 06 24 077 19605        33.4320        33.4263        33.7420        32.6580        32.6801         0.0003         0.0000        77.5100        -1.6220        14.8510        55.4930 
UPC1 UPC2 06 24 077 19610        33.6140        33.4258        33.7640        32.6538        32.6770         0.0003         0.0000        77.5290        -1.4700        14.8210        55.5070 
UPC1 UPC2 06 24 077 19615        33.0340        33.4220        33.6820        32.6492        32.6742         0.0003         0.0000        77.5480        -1.3170        14.7910        55.5200 
UPC1 UPC2 06 24 077 19620        32.9690        33.4167        33.4600        32.6429        32.6712         0.0003         0.0000        77.5670        -1.1640        14.7610        55.5330 
UPC1 UPC2 06 24 077 19625        33.0070        33.4183        33.6000        32.6426        32.6683         0.0003         0.0000        77.5860        -1.0100        14.7310        55.5460 
UPC1 UPC2 06 24 077 19630        33.0590        33.4136        33.7700        32.6358        32.6652         0.0003         0.0000        77.6050        -0.8560        14.7010        55.5600 
UPC1 UPC2 06 24 077 19635        33.1160        33.4072        33.4560        32.6277        32.6623         0.0003         0.0000        77.6240        -0.7020        14.6710        55.5730 
UPC1 UPC2 06 24 077 19640        32.8290        33.4040        33.1400        32.6244        32.6594         0.0003         0.0000        77.6430        -0.5470        14.6410        55.5860 
UPC1 UPC2 06 24 077 19645        32.5960        33.4050        33.2410        32.6263        32.6564         0.0003         0.0000        77.6620        -0.3920        14.6110        55.6000 
UPC1 UPC2 06 24 077 19650        28.9170        29.9867        29.6400        29.2076        29.2405         0.0003         0.0000        77.6810        -0.2360        14.5810        55.6130 
UPC1 UPC2 06 24 077 19655        28.8860        29.9898        29.3020        29.2100        29.2392         0.0003         0.0000        77.6990        -0.0800        14.5510        55.6270 
UPC1 UPC2 06 24 077 19660        28.7130        29.9864        29.2800        29.2076        29.2377         0.0002         0.0000        77.7180         0.0770        14.5210        55.6400 
UPC1 UPC2 06 24 077 19665        28.8070        29.9798        29.0690        29.2026        29.2365         0.0003         0.0000        77.7360         0.2340        14.4910        55.6530 
UPC1 UPC2 06 24 077 19670        29.2660        29.9779        28.9410        29.2029        29.2350         0.0002         0.0000        77.7550         0.3910        14.4610        55.6670 
UPC1 UPC2 06 24 077 19675        28.9820        29.9805        28.6890        29.2057        29.2337         0.0003         0.0000        77.7730         0.5490        14.4310        55.6800 
UPC1 UPC2 06 24 077 19680        28.9350        29.9772        28.5590        29.2014        29.2323         0.0003         0.0000        77.7910         0.7070        14.4010        55.6940 
UPC1 UPC2 06 24 077 19685        29.1380        29.9757        28.8710        29.2017        29.2310         0.0003         0.0000        77.8100         0.8660        14.3710        55.7070 
UPC1 UPC2 06 24 077 19690        29.0200        29.9730        28.7810        29.1988        29.2295         0.0003         0.0000        77.8280         1.0250        14.3410        55.7210 
UPC1 UPC2 06 24 077 19695        28.9620        29.9747        28.5320        29.1986        29.2282         0.0003         0.0000        77.8460         1.1840        14.3110        55.7340 
UPC1 UPC2 06 24 077 19700        28.9030        29.9659        28.8560        29.1896        29.2269         0.0003         0.0000        77.8640         1.3440        14.2810        55.7480 
UPC1 UPC2 06 24 077 19705        29.3840        29.9687        28.8250        29.1924        29.2254         0.0003         0.0000        77.8820         1.5040        14.2510        55.7610 
UPC1 UPC2 06 24 077 19710        29.3410        29.9678        28.7520        29.1920        29.2241         0.0003         0.0000        77.9000         1.6650        14.2210        55.7750 
UPC1 UPC2 06 24 077 19715        29.4130        29.9645        29.3350        29.1863        29.2227         0.0003         0.0000        77.9180         1.8260        14.1910        55.7880 
UPC1 UPC2 06 24 077 19720        29.4350        29.9661        29.0830        29.1885        29.2214         0.0003         0.0000        77.9350         1.9880        14.1610        55.8020 
UPC1 UPC2 06 24 077 19725        28.9990        29.9627        29.5460        29.1875        29.2200         0.0003         0.0000        77.9530         2.1500        14.1310        55.8150 
UPC1 UPC2 06 24 077 19730        28.9460        29.9646        29.7700        29.1903        29.2186         0.0003         0.0000        77.9710         2.3130        14.1010        55.8290 
UPC1 UPC2 06 24 077 19735        29.0740        29.9589        29.8710        29.1867        29.2173         0.0003         0.0000        77.9880         2.4750        14.0710        55.8420 
UPC1 UPC2 06 24 077 19740        29.1790        29.9538        29.5950        29.1798        29.2158         0.0003         0.0000        78.0060         2.6390        14.0410        55.8560 
UPC1 UPC2 06 24 077 19745        29.5120        29.9573        29.6460        29.1831        29.2145         0.0003         0.0000        78.0230         2.8030        14.0110        55.8700 
UPC1 UPC2 06 24 077 19750        29.3610        29.9585        29.9740        29.1846        29.2132         0.0003         0.0000        78.0410         2.9670        13.9810        55.8830 
UPC1 UPC2 06 24 077 19755        29.2300        29.9629        29.8230        29.1892        29.2119         0.0003         0.0000        78.0580         3.1310        13.9510        55.8970 
UPC1 UPC2 06 24 077 19760        28.8110        29.9507        29.6620        29.1780        29.2106         0.0003         0.0000        78.0750         3.2960        13.9220        55.9100 
UPC1 UPC2 06 24 077 19765        28.4600        29.9576        28.7030        29.1817        29.2092         0.0003         0.0000        78.0920         3.4620        13.8920        55.9240 
UPC1 UPC2 06 24 077 19770        28.5150        29.9509        28.6720        29.1768        29.2079         0.0003         0.0000        78.1090         3.6280        13.8620        55.9380 
UPC1 UPC2 06 24 077 19775        28.5920        29.9534        28.7250        29.1805        29.2066         0.0003         0.0000        78.1260         3.7940        13.8320        55.9510 
UPC1 UPC2 06 24 077 19780        28.2570        29.9516        29.2350        29.1782        29.2051         0.0003         0.0000        78.1430         3.9610        13.8020        55.9650 
UPC1 UPC2 06 24 077 19785        28.0900        29.9558        29.2210        29.1843        29.2038         0.0003         0.0000        78.1600         4.1280        13.7720        55.9790 
UPC1 UPC2 06 24 077 19790        28.0220        29.9520        29.2520        29.1832        29.2023         0.0003         0.0000        78.1770         4.2960        13.7420        55.9930 
UPC1 UPC2 06 24 077 19795        27.6210        29.9513        28.8060        29.1844        29.2011         0.0003         0.0000        78.1930         4.4640        13.7120        56.0060 
UPC1 UPC2 06 24 077 19800        27.6380        29.9531        28.8030        29.1880        29.1997         0.0003         0.0000        78.2100         4.6320        13.6830        56.0200 
UPC1 UPC2 06 24 077 19805        28.0290        29.9525        28.5540        29.1887        29.1985         0.0003         0.0000        78.2260         4.8010        13.6530        56.0340 
UPC1 UPC2 06 24 077 19810        28.7730        29.9483        28.5470        29.1853        29.1972         0.0003         0.0000        78.2430         4.9700        13.6230        56.0470 
UPC1 UPC2 06 24 077 19815        28.7220        29.9436        28.1160        29.1820        29.1958         0.0003         0.0000        78.2590         5.1400        13.5930        56.0610 
UPC1 UPC2 06 24 077 19820        28.8580        29.9514        28.6190        29.1921        29.1945         0.0003         0.0000        78.2760         5.3100        13.5630        56.0750 
UPC1 UPC2 06 24 077 19825        29.1250        29.9396        28.7480        29.1843        29.1931         0.0003         0.0000        78.2920         5.4810        13.5340        56.0890 
UPC1 UPC2 06 24 077 19830        28.6270        29.9482        28.6710        29.1930        29.1918         0.0003         0.0000        78.3080         5.6520        13.5040        56.1030 
UPC1 UPC2 06 24 077 19835        28.5850        29.9448        28.2210        29.1902        29.1905         0.0003         0.0000        78.3240         5.8230        13.4740        56.1160 
UPC1 UPC2 06 24 077 19840        28.4690        29.9359        28.2390        29.1827        29.1891         0.0003         0.0000        78.3400         5.9950        13.4440        56.1300 
UPC1 UPC2 06 24 077 19845        29.0530        29.9416        28.7500        29.1895        29.1877         0.0003         0.0000        78.3560         6.1680        13.4140        56.1440 
UPC1 UPC2 06 24 077 19850        28.8670        29.9444        28.5150        29.1932        29.1866         0.0003         0.0000        78.3720         6.3400        13.3850        56.1580 
UPC1 UPC2 06 24 077 19855        29.3400        29.9341        28.9790        29.1782        29.1852         0.0003         0.0000        78.3880         6.5140        13.3550        56.1720 
UPC1 UPC2 06 24 077 19860        29.1100        29.9352        28.9910        29.1773        29.1839         0.0003         0.0000        78.4030         6.6870        13.3250        56.1860 
UPC1 UPC2 06 24 077 19865        28.6870        29.9421        28.8210        29.1821        29.1825         0.0003         0.0000        78.4190         6.8610        13.2950        56.2000 
UPC1 UPC2 06 24 077 19870        28.9810        29.9336        29.0970        29.1756        29.1812         0.0003         0.0000        78.4340         7.0360        13.2660        56.2140 
UPC1 UPC2 06 24 077 19875        28.8430        29.9389        29.5110        29.1793        29.1799         0.0003         0.0000        78.4500         7.2100        13.2360        56.2280 
UPC1 UPC2 06 24 077 19880        28.6500        29.9362        29.8420        29.1708        29.1786         0.0003         0.0000        78.4650         7.3860        13.2060        56.2410 
UPC1 UPC2 06 24 077 19885        29.2630        29.9414        29.8430        29.1770        29.1772         0.0003         0.0000        78.4800         7.5620        13.1760        56.2550 
UPC1 UPC2 06 24 077 19890        29.2190        29.9377        30.2020        29.1709        29.1759         0.0003         0.0000        78.4960         7.7380        13.1470        56.2690 
UPC1 UPC2 06 24 077 19895        29.5190        29.9355        30.2360        29.1641        29.1747         0.0003         0.0000        78.5110         7.9140        13.1170        56.2830 
UPC1 UPC2 06 24 077 19900        29.7360        29.9411        29.9770        29.1655        29.1734         0.0003         0.0000        78.5260         8.0910        13.0870        56.2970 
