UPC1 UPC2 06 03 077 18000        -4.4620        -4.5892        -5.2110        -5.2181        -4.9707         0.0000         0.0000        69.4240       -34.5100        58.3390       -51.1650 
UPC1 UPC2 06 03 077 18005        -4.5390        -4.5870        -5.3130        -5.2157        -4.9704         0.0000         0.0000        69.4520       -34.4410        58.3740       -51.1330 
UPC1 UPC2 06 03 077 18010        -4.8080        -4.5863        -5.3910        -5.2156        -4.9702         0.0000         0.0000        69.4810       -34.3720        58.4080       -51.1010 
UPC1 UPC2 06 03 077 18015        -4.6190        -4.5874        -5.3190        -5.2165        -4.9700         0.0000         0.0000        69.5090       -34.3030        58.4430       -51.0690 
UPC1 UPC2 06 03 077 18020        -4.8660        -4.5874        -5.3590        -5.2168        -4.9698         0.0000         0.0000        69.5380       -34.2330        58.4770       -51.0370 
UPC1 UPC2 06 03 077 18025        -5.0550        -4.5861        -5.4430        -5.2161        -4.9696         0.0000         0.0000        69.5660       -34.1640        58.5120       -51.0050 
UPC1 UPC2 06 03 077 18030        -5.2380        -4.5864        -5.3130        -5.2170        -4.9693         0.0000         0.0000        69.5940       -34.0940        58.5460       -50.9730 
UPC1 UPC2 06 03 077 18035        -5.3210        -4.5868        -4.9410        -5.2173        -4.9692         0.0000         0.0000        69.6230       -34.0250        58.5810       -50.9410 
UPC1 UPC2 06 03 077 18040        -5.5400        -4.5880        -4.6270        -5.2188        -4.9689         0.0000         0.0000        69.6510       -33.9550        58.6150       -50.9090 
UPC1 UPC2 06 03 077 18045        -5.5120        -4.5868        -4.7820        -5.2180        -4.9687         0.0000         0.0000        69.6790       -33.8850        58.6500       -50.8770 
UPC1 UPC2 06 03 077 18050        -5.6800        -4.5862        -4.6890        -5.2165        -4.9685         0.0000         0.0000        69.7080       -33.8150        58.6840       -50.8450 
UPC1 UPC2 06 03 077 18055        -5.7820        -4.5857        -4.9070        -5.2158        -4.9682         0.0000         0.0000        69.7360       -33.7440        58.7190       -50.8130 
UPC1 UPC2 06 03 077 18060        -5.9200        -4.5849        -4.8810        -5.2149        -4.9679         0.0000         0.0000        69.7640       -33.6740        58.7530       -50.7800 
UPC1 UPC2 06 03 077 18065        -5.8950        -4.5870        -5.1220        -5.2167        -4.9677         0.0000         0.0000        69.7920       -33.6030        58.7880       -50.7480 
UPC1 UPC2 06 03 077 18070        -5.9430        -4.5842        -5.6000        -5.2141        -4.9676         0.0000         0.0000        69.8210       -33.5330        58.8220       -50.7160 
UPC1 UPC2 06 03 077 18075        -5.7300        -4.5853        -5.6930        -5.2139        -4.9672         0.0000         0.0000        69.8490       -33.4620        58.8570       -50.6840 
UPC1 UPC2 06 03 077 18080        -5.7950        -4.5860        -5.4120        -5.2147        -4.9670         0.0000         0.0000        69.8770       -33.3910        58.8910       -50.6520 
UPC1 UPC2 06 03 077 18085        -5.5820        -4.5836        -5.2220        -5.2118        -4.9668         0.0000         0.0000        69.9050       -33.3200        58.9260       -50.6190 
UPC1 UPC2 06 03 077 18090        -5.4270        -4.5852        -5.1410        -5.2144        -4.9664         0.0000         0.0000        69.9340       -33.2490        58.9600       -50.5870 
UPC1 UPC2 06 03 077 18095        -5.2190        -4.5826        -5.3280        -5.2122        -4.9663         0.0000         0.0000        69.9620       -33.1770        58.9950       -50.5550 
UPC1 UPC2 06 03 077 18100        -5.0930        -4.5846        -5.4450        -5.2146        -4.9661         0.0000         0.0000        69.9900       -33.1060        59.0290       -50.5220 
UPC1 UPC2 06 03 077 18105        -5.0310        -4.5824        -5.5750        -5.2134        -4.9659         0.0000         0.0000        70.0180       -33.0340        59.0640       -50.4900 
UPC1 UPC2 06 03 077 18110        -5.1780        -4.5836        -5.3050        -5.2141        -4.9656         0.0000         0.0000        70.0460       -32.9620        59.0980       -50.4580 
UPC1 UPC2 06 03 077 18115        -4.9990        -4.5824        -5.1170        -5.2128        -4.9653         0.0000         0.0000        70.0750       -32.8900        59.1330       -50.4250 
UPC1 UPC2 06 03 077 18120        -5.0400        -4.5830        -5.3180        -5.2131        -4.9650         0.0000         0.0000        70.1030       -32.8180        59.1670       -50.3930 
UPC1 UPC2 06 03 077 18125        -5.1080        -4.5830        -5.2350        -5.2131        -4.9647         0.0000         0.0000        70.1310       -32.7460        59.2020       -50.3610 
UPC1 UPC2 06 03 077 18130        -5.4290        -4.5836        -5.3180        -5.2129        -4.9645         0.0000         0.0000        70.1590       -32.6740        59.2370       -50.3280 
UPC1 UPC2 06 03 077 18135        -5.2710        -4.5830        -5.2920        -5.2119        -4.9642         0.0000         0.0000        70.1870       -32.6010        59.2710       -50.2960 
UPC1 UPC2 06 03 077 18140        -5.2340        -4.5829        -5.2820        -5.2112        -4.9638         0.0000         0.0000        70.2150       -32.5290        59.3060       -50.2630 
UPC1 UPC2 06 03 077 18145        -5.2420        -4.5828        -5.2350        -5.2107        -4.9638         0.0000         0.0000        70.2430       -32.4560        59.3400       -50.2310 
UPC1 UPC2 06 03 077 18150        -4.9030        -4.5811        -4.9880        -5.2085        -4.9634         0.0000         0.0000        70.2720       -32.3830        59.3750       -50.1980 
UPC1 UPC2 06 03 077 18155        -5.0830        -4.5821        -4.7840        -5.2093        -4.9631         0.0000         0.0000        70.3000       -32.3100        59.4100       -50.1650 
UPC1 UPC2 06 03 077 18160        -4.9520        -4.5809        -5.0380        -5.2083        -4.9628         0.0000         0.0000        70.3280       -32.2360        59.4440       -50.1330 
UPC1 UPC2 06 03 077 18165        -5.1760        -4.5787        -5.3100        -5.2068        -4.9626         0.0000         0.0000        70.3560       -32.1630        59.4790       -50.1000 
UPC1 UPC2 06 03 077 18170        -5.4650        -4.5795        -5.3190        -5.2080        -4.9623         0.0000         0.0000        70.3840       -32.0900        59.5130       -50.0680 
UPC1 UPC2 06 03 077 18175        -5.5820        -4.5792        -5.1010        -5.2073        -4.9619         0.0000         0.0000        70.4120       -32.0160        59.5480       -50.0350 
UPC1 UPC2 06 03 077 18180        -5.7000        -4.5766        -5.0270        -5.2043        -4.9617         0.0000        -0.0000        70.4400       -31.9420        59.5830       -50.0020 
UPC1 UPC2 06 03 077 18185        -5.8470        -4.5796        -5.3410        -5.2071        -4.9613         0.0000         0.0000        70.4680       -31.8680        59.6170       -49.9700 
UPC1 UPC2 06 03 077 18190        -5.6890        -4.5792        -4.9580        -5.2063        -4.9610         0.0000         0.0000        70.4960       -31.7940        59.6520       -49.9370 
UPC1 UPC2 06 03 077 18195        -5.5600        -4.5770        -5.1580        -5.2041        -4.9608         0.0000         0.0000        70.5240       -31.7200        59.6870       -49.9040 
UPC1 UPC2 06 03 077 18200        -5.4580        -4.5748        -5.4020        -5.2035        -4.9606         0.0000        -0.0000        70.5520       -31.6450        59.7210       -49.8710 
UPC1 UPC2 06 03 077 18205        -5.3760        -4.5771        -5.5480        -5.2063        -4.9602         0.0000         0.0000        70.5800       -31.5710        59.7560       -49.8390 
UPC1 UPC2 06 03 077 18210        -5.4310        -4.5770        -5.5340        -5.2061        -4.9599         0.0000         0.0000        70.6080       -31.4960        59.7910       -49.8060 
UPC1 UPC2 06 03 077 18215        -5.6860        -4.5770        -4.9340        -5.2053        -4.9595         0.0000         0.0000        70.6360       -31.4210        59.8250       -49.7730 
UPC1 UPC2 06 03 077 18220        -6.0680        -4.5771        -4.8840        -5.2056        -4.9593         0.0000         0.0000        70.6640       -31.3460        59.8600       -49.7400 
UPC1 UPC2 06 03 077 18225        -5.9260        -4.5749        -4.6980        -5.2036        -4.9590         0.0000         0.0000        70.6920       -31.2710        59.8950       -49.7070 
UPC1 UPC2 06 03 077 18230        -5.9570        -4.5756        -4.7470        -5.2046        -4.9587         0.0000         0.0000        70.7200       -31.1950        59.9290       -49.6740 
UPC1 UPC2 06 03 077 18235        -5.5410        -4.5755        -4.6690        -5.2043        -4.9584         0.0000         0.0000        70.7480       -31.1200        59.9640       -49.6410 
UPC1 UPC2 06 03 077 18240        -5.1790        -4.5752        -4.4960        -5.2041        -4.9581         0.0000         0.0000        70.7750       -31.0440        59.9990       -49.6080 
UPC1 UPC2 06 03 077 18245        -5.1270        -4.5753        -4.4020        -5.2036        -4.9576         0.0000         0.0000        70.8030       -30.9680        60.0330       -49.5750 
UPC1 UPC2 06 03 077 18250        -5.3570        -4.5745        -4.2120        -5.2021        -4.9573         0.0000         0.0000        70.8310       -30.8920        60.0680       -49.5420 
UPC1 UPC2 06 03 077 18255        -5.5600        -4.5746        -3.8480        -5.2024        -4.9570         0.0000         0.0000        70.8590       -30.8160        60.1030       -49.5090 
UPC1 UPC2 06 03 077 18260        -5.4010        -4.5740        -4.0910        -5.2017        -4.9568         0.0000         0.0000        70.8870       -30.7400        60.1370       -49.4760 
UPC1 UPC2 06 03 077 18265        -5.5050        -4.5766        -3.8350        -5.2032        -4.9564         0.0000         0.0000        70.9150       -30.6630        60.1720       -49.4430 
UPC1 UPC2 06 03 077 18270        -5.4460        -4.5752        -4.1250        -5.2012        -4.9560         0.0000         0.0000        70.9420       -30.5870        60.2070       -49.4100 
UPC1 UPC2 06 03 077 18275        -5.1600        -4.5737        -4.3250        -5.1992        -4.9557         0.0000         0.0000        70.9700       -30.5100        60.2410       -49.3770 
UPC1 UPC2 06 03 077 18280        -4.8190        -4.5729        -4.3420        -5.1985        -4.9554         0.0000         0.0000        70.9980       -30.4330        60.2760       -49.3440 
UPC1 UPC2 06 03 077 18285        -5.0950        -4.5731        -4.5080        -5.1985        -4.9552         0.0000         0.0000        71.0260       -30.3560        60.3110       -49.3110 
UPC1 UPC2 06 03 077 18290        -5.2090        -4.5728        -4.8470        -5.1977        -4.9547         0.0000         0.0000        71.0540       -30.2780        60.3460       -49.2780 
UPC1 UPC2 06 03 077 18295        -5.2340        -4.5711        -5.0740        -5.1963        -4.9544         0.0000         0.0000        71.0810       -30.2010        60.3800       -49.2440 
UPC1 UPC2 06 03 077 18300        -5.1410        -4.5706        -5.1070        -5.1961        -4.9539         0.0000         0.0000        71.1090       -30.1230        60.4150       -49.2110 
UPC1 UPC2 06 03 077 18305        -5.1650        -4.5731        -5.0750        -5.1979        -4.9537         0.0000         0.0000        71.1370       -30.0460        60.4500       -49.1780 
UPC1 UPC2 06 03 077 18310        -5.2190        -4.5720        -5.0050        -5.1968        -4.9533         0.0000        -0.0000        71.1640       -29.9680        60.4850       -49.1440 
UPC1 UPC2 06 03 077 18315        -5.2220        -4.5706        -4.9990        -5.1954        -4.9530         0.0000         0.0000        71.1920       -29.8890        60.5190       -49.1110 
UPC1 UPC2 06 03 077 18320        -5.2420        -4.5690        -4.8720        -5.1931        -4.9526         0.0000         0.0000        71.2200       -29.8110        60.5540       -49.0780 
UPC1 UPC2 06 03 077 18325        -5.5330        -4.5689        -4.8760        -5.1941        -4.9522         0.0000         0.0000        71.2480       -29.7330        60.5890       -49.0440 
UPC1 UPC2 06 03 077 18330        -5.3420        -4.5705        -4.9800        -5.1958        -4.9520         0.0000         0.0000        71.2750       -29.6540        60.6240       -49.0110 
UPC1 UPC2 06 03 077 18335        -5.2750        -4.5678        -5.0690        -5.1933        -4.9515         0.0000         0.0000        71.3030       -29.5750        60.6580       -48.9780 
UPC1 UPC2 06 03 077 18340        -5.1290        -4.5699        -5.2560        -5.1955        -4.9512         0.0000         0.0000        71.3300       -29.4960        60.6930       -48.9440 
UPC1 UPC2 06 03 077 18345        -5.3390        -4.5697        -5.1770        -5.1952        -4.9508         0.0000         0.0000        71.3580       -29.4170        60.7280       -48.9110 
UPC1 UPC2 06 03 077 18350        -5.0940        -4.5672        -5.1790        -5.1923        -4.9504         0.0000        -0.0000        71.3860       -29.3380        60.7630       -48.8770 
UPC1 UPC2 06 03 077 18355        -5.2650        -4.5675        -5.0740        -5.1931        -4.9499         0.0000        -0.0000        71.4130       -29.2580        60.7980       -48.8440 
UPC1 UPC2 06 03 077 18360        -5.3620        -4.5670        -5.0260        -5.1922        -4.9497         0.0000        -0.0000        71.4410       -29.1790        60.8320       -48.8100 
UPC1 UPC2 06 03 077 18365        -5.0520        -4.5682        -5.0090        -5.1923        -4.9493         0.0000         0.0000        71.4680       -29.0990        60.8670       -48.7760 
UPC1 UPC2 06 03 077 18370        -4.9500        -4.5666        -5.1530        -5.1909        -4.9489         0.0000         0.0000        71.4960       -29.0190        60.9020       -48.7430 
UPC1 UPC2 06 03 077 18375        -4.8730        -4.5678        -5.1060        -5.1921        -4.9484         0.0000         0.0000        71.5230       -28.9390        60.9370       -48.7090 
UPC1 UPC2 06 03 077 18380        -4.9270        -4.5644        -4.9430        -5.1890        -4.9481         0.0000         0.0000        71.5510       -28.8580        60.9720       -48.6760 
UPC1 UPC2 06 03 077 18385        -4.7570        -4.5662        -4.8750        -5.1910        -4.9478         0.0000         0.0000        71.5780       -28.7780        61.0070       -48.6420 
UPC1 UPC2 06 03 077 18390        -4.7450        -4.5642        -4.9440        -5.1901        -4.9473         0.0000         0.0000        71.6060       -28.6970        61.0410       -48.6080 
UPC1 UPC2 06 03 077 18395        -4.7190        -4.5643        -4.9950        -5.1905        -4.9470         0.0000         0.0000        71.6330       -28.6160        61.0760       -48.5740 
UPC1 UPC2 06 03 077 18400        -4.5280        -4.5636        -4.9870        -5.1900        -4.9466         0.0000        -0.0000        71.6610       -28.5350        61.1110       -48.5410 
UPC1 UPC2 06 03 077 18405        -4.9150        -4.5612        -4.6680        -5.1875        -4.9461         0.0000         0.0000        71.6880       -28.4540        61.1460       -48.5070 
UPC1 UPC2 06 03 077 18410        -5.2260        -4.5648        -4.9400        -5.1914        -4.9457         0.0000         0.0000        71.7160       -28.3730        61.1810       -48.4730 
UPC1 UPC2 06 03 077 18415        -5.5420        -4.5640        -4.5680        -5.1905        -4.9454         0.0000         0.0000        71.7430       -28.2910        61.2160       -48.4390 
UPC1 UPC2 06 03 077 18420        -5.6600        -4.5635        -4.8860        -5.1897        -4.9450         0.0000         0.0000        71.7700       -28.2090        61.2500       -48.4050 
UPC1 UPC2 06 03 077 18425        -5.7190        -4.5630        -4.7370        -5.1890        -4.9446         0.0000         0.0000        71.7980       -28.1270        61.2850       -48.3710 
UPC1 UPC2 06 03 077 18430        -5.4660        -4.5621        -4.5360        -5.1877        -4.9442         0.0000         0.0000        71.8250       -28.0450        61.3200       -48.3370 
UPC1 UPC2 06 03 077 18435        -5.4760        -4.5638        -4.6670        -5.1894        -4.9438         0.0000         0.0000        71.8520       -27.9630        61.3550       -48.3030 
UPC1 UPC2 06 03 077 18440        -5.7350        -4.5637        -4.3620        -5.1885        -4.9433         0.0000         0.0000        71.8800       -27.8800        61.3900       -48.2690 
UPC1 UPC2 06 03 077 18445        -5.6410        -4.5635        -4.0510        -5.1874        -4.9429         0.0000         0.0000        71.9070       -27.7970        61.4250       -48.2350 
UPC1 UPC2 06 03 077 18450        -5.4510        -4.5623        -3.8060        -5.1858        -4.9425         0.0000         0.0000        71.9340       -27.7150        61.4600       -48.2010 
UPC1 UPC2 06 03 077 18455        -5.4070        -4.5625        -3.8940        -5.1850        -4.9422         0.0000         0.0000        71.9620       -27.6310        61.4950       -48.1670 
UPC1 UPC2 06 03 077 18460        -5.3110        -4.5642        -4.0920        -5.1863        -4.9417         0.0000         0.0000        71.9890       -27.5480        61.5290       -48.1330 
UPC1 UPC2 06 03 077 18465        -5.2750        -4.5634        -4.2530        -5.1847        -4.9413         0.0000         0.0000        72.0160       -27.4650        61.5640       -48.0990 
UPC1 UPC2 06 03 077 18470        -5.3640        -4.5610        -4.3350        -5.1812        -4.9407         0.0000         0.0000        72.0430       -27.3810        61.5990       -48.0650 
UPC1 UPC2 06 03 077 18475        -5.3330        -4.5619        -4.5810        -5.1814        -4.9405         0.0000         0.0000        72.0710       -27.2970        61.6340       -48.0310 
UPC1 UPC2 06 03 077 18480        -5.0600        -4.5621        -4.5660        -5.1817        -4.9399         0.0000         0.0000        72.0980       -27.2130        61.6690       -47.9960 
UPC1 UPC2 06 03 077 18485        -4.9000        -4.5608        -4.6520        -5.1801        -4.9396         0.0000         0.0000        72.1250       -27.1290        61.7040       -47.9620 
UPC1 UPC2 06 03 077 18490        -4.5030        -4.5609        -4.9830        -5.1806        -4.9392         0.0000         0.0000        72.1520       -27.0450        61.7390       -47.9280 
UPC1 UPC2 06 03 077 18495        -4.4740        -4.5606        -5.0670        -5.1806        -4.9386         0.0000         0.0000        72.1790       -26.9600        61.7740       -47.8940 
UPC1 UPC2 06 03 077 18500        -4.5090        -4.5573        -4.9850        -5.1777        -4.9382         0.0000         0.0000        72.2060       -26.8750        61.8090       -47.8590 
UPC1 UPC2 06 03 077 18505        -4.5830        -4.5554        -4.9960        -5.1765        -4.9378         0.0000         0.0000        72.2330       -26.7900        61.8440       -47.8250 
UPC1 UPC2 06 03 077 18510        -4.7680        -4.5541        -5.1970        -5.1768        -4.9374         0.0000         0.0000        72.2610       -26.7050        61.8790       -47.7900 
UPC1 UPC2 06 03 077 18515        -4.8950        -4.5544        -4.9530        -5.1789        -4.9369         0.0000         0.0000        72.2880       -26.6190        61.9140       -47.7560 
UPC1 UPC2 06 03 077 18520        -4.9320        -4.5554        -5.0480        -5.1806        -4.9365         0.0000         0.0000        72.3150       -26.5340        61.9490       -47.7220 
UPC1 UPC2 06 03 077 18525        -5.0450        -4.5523        -4.8840        -5.1780        -4.9360         0.0000         0.0000        72.3420       -26.4480        61.9840       -47.6870 
UPC1 UPC2 06 03 077 18530        -5.1030        -4.5548        -4.6680        -5.1806        -4.9356         0.0000         0.0000        72.3690       -26.3620        62.0180       -47.6520 
UPC1 UPC2 06 03 077 18535        -5.3320        -4.5545        -4.5030        -5.1802        -4.9351         0.0000         0.0000        72.3960       -26.2760        62.0530       -47.6180 
UPC1 UPC2 06 03 077 18540        -5.5540        -4.5551        -4.3950        -5.1809        -4.9346         0.0000         0.0000        72.4230       -26.1900        62.0880       -47.5830 
UPC1 UPC2 06 03 077 18545        -5.7320        -4.5532        -4.5650        -5.1792        -4.9342         0.0000         0.0000        72.4500       -26.1030        62.1230       -47.5490 
UPC1 UPC2 06 03 077 18550        -5.9020        -4.5530        -4.6110        -5.1790        -4.9339         0.0000         0.0000        72.4770       -26.0160        62.1580       -47.5140 
UPC1 UPC2 06 03 077 18555        -5.9450        -4.5523        -4.4940        -5.1778        -4.9333         0.0000         0.0000        72.5040       -25.9290        62.1930       -47.4790 
UPC1 UPC2 06 03 077 18560        -5.8560        -4.5532        -4.3870        -5.1790        -4.9329         0.0000         0.0000        72.5300       -25.8420        62.2280       -47.4450 
UPC1 UPC2 06 03 077 18565        -5.4960        -4.5520        -4.2650        -5.1780        -4.9323         0.0000         0.0000        72.5570       -25.7550        62.2630       -47.4100 
UPC1 UPC2 06 03 077 18570        -5.6110        -4.5521        -4.0610        -5.1775        -4.9320         0.0000         0.0000        72.5840       -25.6670        62.2980       -47.3750 
UPC1 UPC2 06 03 077 18575        -5.8060        -4.5521        -4.2120        -5.1776        -4.9313         0.0000         0.0000        72.6110       -25.5790        62.3330       -47.3400 
UPC1 UPC2 06 03 077 18580        -5.7100        -4.5510        -4.5310        -5.1758        -4.9309         0.0000         0.0000        72.6380       -25.4910        62.3680       -47.3060 
UPC1 UPC2 06 03 077 18585        -5.7900        -4.5513        -4.2780        -5.1761        -4.9305         0.0000         0.0000        72.6650       -25.4030        62.4030       -47.2710 
UPC1 UPC2 06 03 077 18590        -5.9490        -4.5511        -4.1780        -5.1753        -4.9300         0.0000        -0.0000        72.6910       -25.3140        62.4380       -47.2360 
UPC1 UPC2 06 03 077 18595        -6.0910        -4.5490        -4.2250        -5.1726        -4.9295         0.0000         0.0000        72.7180       -25.2260        62.4730       -47.2010 
UPC1 UPC2 06 03 077 18600        -5.9870        -4.5501        -3.9930        -5.1729        -4.9289         0.0000         0.0000        72.7450       -25.1370        62.5080       -47.1660 
UPC1 UPC2 06 03 077 18605        -5.8550        -4.5491        -4.2330        -5.1711        -4.9286         0.0000         0.0000        72.7720       -25.0480        62.5430       -47.1310 
UPC1 UPC2 06 03 077 18610        -5.5250        -4.5485        -4.4460        -5.1702        -4.9281         0.0000         0.0000        72.7980       -24.9580        62.5780       -47.0960 
UPC1 UPC2 06 03 077 18615        -5.5180        -4.5477        -4.6290        -5.1687        -4.9276         0.0000         0.0000        72.8250       -24.8690        62.6140       -47.0610 
UPC1 UPC2 06 03 077 18620        -5.6060        -4.5464        -4.6130        -5.1662        -4.9272         0.0000         0.0000        72.8520       -24.7790        62.6490       -47.0260 
UPC1 UPC2 06 03 077 18625        -5.4910        -4.5465        -4.6210        -5.1667        -4.9266         0.0000         0.0000        72.8780       -24.6890        62.6840       -46.9900 
UPC1 UPC2 06 03 077 18630        -5.3740        -4.5455        -4.6660        -5.1662        -4.9261         0.0000         0.0000        72.9050       -24.5990        62.7190       -46.9550 
UPC1 UPC2 06 03 077 18635        -5.4240        -4.5475        -5.1150        -5.1682        -4.9256         0.0000         0.0000        72.9320       -24.5090        62.7540       -46.9200 
UPC1 UPC2 06 03 077 18640        -5.3660        -4.5451        -5.2180        -5.1658        -4.9251         0.0000         0.0000        72.9580       -24.4180        62.7890       -46.8850 
UPC1 UPC2 06 03 077 18645        -5.3780        -4.5462        -5.2390        -5.1671        -4.9246         0.0000         0.0000        72.9850       -24.3270        62.8240       -46.8500 
UPC1 UPC2 06 03 077 18650        -5.2190        -4.5442        -5.1150        -5.1651        -4.9241         0.0000         0.0000        73.0110       -24.2360        62.8590       -46.8140 
UPC1 UPC2 06 03 077 18655        -5.0380        -4.5450        -5.2830        -5.1661        -4.9236         0.0000         0.0000        73.0380       -24.1450        62.8940       -46.7790 
UPC1 UPC2 06 03 077 18660        -5.0820        -4.5418        -5.0320        -5.1628        -4.9230         0.0000         0.0000        73.0650       -24.0540        62.9290       -46.7440 
UPC1 UPC2 06 03 077 18665        -4.9030        -4.5435        -4.9260        -5.1645        -4.9225         0.0000         0.0000        73.0910       -23.9620        62.9640       -46.7080 
UPC1 UPC2 06 03 077 18670        -5.0980        -4.5424        -4.9800        -5.1641        -4.9220         0.0000         0.0000        73.1170       -23.8700        62.9990       -46.6730 
UPC1 UPC2 06 03 077 18675        -5.0130        -4.5422        -4.8940        -5.1638        -4.9215         0.0000         0.0000        73.1440       -23.7780        63.0340       -46.6370 
UPC1 UPC2 06 03 077 18680        -4.5750        -4.5414        -4.9750        -5.1633        -4.9210         0.0000         0.0000        73.1700       -23.6860        63.0690       -46.6020 
UPC1 UPC2 06 03 077 18685        -5.0770        -4.5402        -4.8600        -5.1618        -4.9205         0.0000         0.0000        73.1970       -23.5930        63.1040       -46.5660 
UPC1 UPC2 06 03 077 18690        -5.0670        -4.5413        -4.5060        -5.1631        -4.9200         0.0000         0.0000        73.2230       -23.5000        63.1400       -46.5310 
UPC1 UPC2 06 03 077 18695        -5.3790        -4.5402        -4.0940        -5.1627        -4.9194         0.0000         0.0000        73.2490       -23.4070        63.1750       -46.4950 
UPC1 UPC2 06 03 077 18700        -5.3060        -4.5414        -4.4260        -5.1633        -4.9189         0.0000         0.0000        73.2760       -23.3140        63.2100       -46.4590 
UPC1 UPC2 06 03 077 18705        -5.2820        -4.5389        -4.6200        -5.1607        -4.9183         0.0000         0.0000        73.3020       -23.2200        63.2450       -46.4240 
UPC1 UPC2 06 03 077 18710        -5.0280        -4.5393        -4.8590        -5.1606        -4.9178         0.0000         0.0000        73.3280       -23.1270        63.2800       -46.3880 
UPC1 UPC2 06 03 077 18715        -5.1010        -4.5384        -5.0210        -5.1600        -4.9174         0.0000         0.0000        73.3550       -23.0330        63.3150       -46.3520 
UPC1 UPC2 06 03 077 18720        -4.7890        -4.5391        -5.2740        -5.1605        -4.9168         0.0000         0.0000        73.3810       -22.9380        63.3500       -46.3160 
UPC1 UPC2 06 03 077 18725        -4.6010        -4.5388        -5.0940        -5.1596        -4.9163         0.0000         0.0000        73.4070       -22.8440        63.3850       -46.2810 
UPC1 UPC2 06 03 077 18730        -4.5300        -4.5381        -5.0390        -5.1589        -4.9156         0.0000         0.0000        73.4330       -22.7490        63.4210       -46.2450 
UPC1 UPC2 06 03 077 18735        -4.6460        -4.5378        -5.1090        -5.1599        -4.9152         0.0000         0.0000        73.4600       -22.6540        63.4560       -46.2090 
UPC1 UPC2 06 03 077 18740        -4.7320        -4.5357        -5.0730        -5.1572        -4.9147         0.0000         0.0000        73.4860       -22.5590        63.4910       -46.1730 
UPC1 UPC2 06 03 077 18745        -5.1630        -4.5352        -4.7310        -5.1570        -4.9141         0.0000         0.0000        73.5120       -22.4640        63.5260       -46.1370 
UPC1 UPC2 06 03 077 18750        -5.2070        -4.5358        -4.7780        -5.1584        -4.9135         0.0000         0.0000        73.5380       -22.3680        63.5610       -46.1010 
UPC1 UPC2 06 03 077 18755        -5.0670        -4.5342        -5.1930        -5.1571        -4.9130         0.0000         0.0000        73.5640       -22.2720        63.5960       -46.0650 
UPC1 UPC2 06 03 077 18760        -4.8100        -4.5324        -5.1330        -5.1547        -4.9125         0.0000         0.0000        73.5900       -22.1760        63.6310       -46.0290 
UPC1 UPC2 06 03 077 18765        -4.9160        -4.5318        -4.7670        -5.1540        -4.9119         0.0000         0.0000        73.6160       -22.0800        63.6670       -45.9930 
UPC1 UPC2 06 03 077 18770        -4.8920        -4.5318        -4.5860        -5.1541        -4.9114         0.0000         0.0000        73.6420       -21.9830        63.7020       -45.9560 
UPC1 UPC2 06 03 077 18775        -4.8880        -4.5324        -4.5120        -5.1545        -4.9108         0.0000         0.0000        73.6680       -21.8870        63.7370       -45.9200 
UPC1 UPC2 06 03 077 18780        -4.5570        -4.5307        -4.3750        -5.1526        -4.9103         0.0000         0.0000        73.6940       -21.7900        63.7720       -45.8840 
UPC1 UPC2 06 03 077 18785        -4.5720        -4.5294        -4.2770        -5.1514        -4.9097         0.0000         0.0000        73.7200       -21.6920        63.8070       -45.8480 
UPC1 UPC2 06 03 077 18790        -4.5030        -4.5293        -4.2670        -5.1516        -4.9092         0.0000         0.0000        73.7460       -21.5950        63.8430       -45.8110 
UPC1 UPC2 06 03 077 18795        -4.7030        -4.5299        -4.3280        -5.1527        -4.9086         0.0000         0.0000        73.7720       -21.4970        63.8780       -45.7750 
UPC1 UPC2 06 03 077 18800        -4.8360        -4.5284        -4.3470        -5.1507        -4.9080         0.0000         0.0000        73.7980       -21.3990        63.9130       -45.7390 
UPC1 UPC2 06 03 077 18805        -4.9420        -4.5277        -4.5650        -5.1497        -4.9075         0.0000         0.0000        73.8240       -21.3010        63.9480       -45.7020 
UPC1 UPC2 06 03 077 18810        -5.0620        -4.5276        -4.4390        -5.1492        -4.9069         0.0000         0.0000        73.8500       -21.2020        63.9830       -45.6660 
UPC1 UPC2 06 03 077 18815        -5.0490        -4.5258        -4.7500        -5.1468        -4.9063         0.0000         0.0000        73.8750       -21.1030        64.0180       -45.6290 
UPC1 UPC2 06 03 077 18820        -5.1250        -4.5277        -5.0760        -5.1486        -4.9057         0.0000         0.0000        73.9010       -21.0040        64.0540       -45.5930 
UPC1 UPC2 06 03 077 18825        -5.2070        -4.5261        -4.8970        -5.1468        -4.9051         0.0000         0.0000        73.9270       -20.9050        64.0890       -45.5560 
UPC1 UPC2 06 03 077 18830        -5.2790        -4.5265        -4.8190        -5.1469        -4.9046         0.0000         0.0000        73.9530       -20.8050        64.1240       -45.5190 
UPC1 UPC2 06 03 077 18835        -5.2330        -4.5261        -4.9080        -5.1462        -4.9040         0.0000         0.0000        73.9780       -20.7060        64.1590       -45.4830 
UPC1 UPC2 06 03 077 18840        -5.0300        -4.5266        -4.7930        -5.1457        -4.9034         0.0000         0.0000        74.0040       -20.6050        64.1950       -45.4460 
UPC1 UPC2 06 03 077 18845        -4.9310        -4.5264        -4.6610        -5.1458        -4.9028         0.0000         0.0000        74.0300       -20.5050        64.2300       -45.4090 
UPC1 UPC2 06 03 077 18850        -5.0640        -4.5277        -4.7230        -5.1467        -4.9022         0.0000         0.0000        74.0550       -20.4050        64.2650       -45.3730 
UPC1 UPC2 06 03 077 18855        -5.1660        -4.5238        -4.9520        -5.1433        -4.9016         0.0000         0.0000        74.0810       -20.3040        64.3000       -45.3360 
UPC1 UPC2 06 03 077 18860        -5.1730        -4.5238        -4.9370        -5.1429        -4.9010         0.0000         0.0000        74.1060       -20.2030        64.3360       -45.2990 
UPC1 UPC2 06 03 077 18865        -5.2260        -4.5245        -4.6960        -5.1436        -4.9004         0.0000         0.0000        74.1320       -20.1010        64.3710       -45.2620 
UPC1 UPC2 06 03 077 18870        -5.3240        -4.5223        -4.9190        -5.1421        -4.8999         0.0000         0.0000        74.1570       -20.0000        64.4060       -45.2250 
UPC1 UPC2 06 03 077 18875        -5.0400        -4.5207        -5.0470        -5.1404        -4.8992         0.0000         0.0000        74.1830       -19.8980        64.4410       -45.1880 
UPC1 UPC2 06 03 077 18880        -4.7520        -4.5201        -5.0680        -5.1399        -4.8987         0.0000         0.0000        74.2080       -19.7960        64.4770       -45.1510 
UPC1 UPC2 06 03 077 18885        -4.4260        -4.5190        -4.8060        -5.1392        -4.8981         0.0000         0.0000        74.2340       -19.6930        64.5120       -45.1140 
UPC1 UPC2 06 03 077 18890        -4.1140        -4.5194        -4.9910        -5.1402        -4.8974         0.0000         0.0000        74.2590       -19.5910        64.5470       -45.0770 
UPC1 UPC2 06 03 077 18895        -4.2220        -4.5170        -4.9880        -5.1382        -4.8969         0.0000         0.0000        74.2850       -19.4880        64.5820       -45.0400 
UPC1 UPC2 06 03 077 18900        -4.7560        -4.5157        -4.9460        -5.1375        -4.8963         0.0000         0.0000        74.3100       -19.3840        64.6180       -45.0020 
UPC1 UPC2 06 03 077 18905        -4.8910        -4.5166        -5.1020        -5.1390        -4.8956         0.0000         0.0000        74.3350       -19.2810        64.6530       -44.9650 
UPC1 UPC2 06 03 077 18910        -4.9000        -4.5151        -5.2510        -5.1376        -4.8950         0.0000         0.0000        74.3610       -19.1770        64.6880       -44.9280 
UPC1 UPC2 06 03 077 18915        -5.0240        -4.5147        -5.0000        -5.1367        -4.8944         0.0000         0.0000        74.3860       -19.0730        64.7230       -44.8900 
UPC1 UPC2 06 03 077 18920        -4.9730        -4.5139        -4.9640        -5.1362        -4.8939         0.0000         0.0000        74.4110       -18.9690        64.7590       -44.8530 
UPC1 UPC2 06 03 077 18925        -4.8390        -4.5121        -4.8910        -5.1345        -4.8932         0.0000         0.0000        74.4360       -18.8640        64.7940       -44.8160 
UPC1 UPC2 06 03 077 18930        -4.8350        -4.5131        -4.9910        -5.1353        -4.8927         0.0000         0.0000        74.4610       -18.7590        64.8290       -44.7780 
UPC1 UPC2 06 03 077 18935        -4.8930        -4.5100        -4.7540        -5.1328        -4.8919         0.0000         0.0000        74.4870       -18.6540        64.8650       -44.7410 
UPC1 UPC2 06 03 077 18940        -4.8200        -4.5090        -4.8080        -5.1324        -4.8912         0.0000         0.0000        74.5120       -18.5490        64.9000       -44.7030 
UPC1 UPC2 06 03 077 18945        -4.9010        -4.5094        -5.3480        -5.1338        -4.8906         0.0000         0.0000        74.5370       -18.4430        64.9350       -44.6650 
UPC1 UPC2 06 03 077 18950        -4.8590        -4.5080        -5.2280        -5.1329        -4.8900         0.0000         0.0000        74.5620       -18.3370        64.9710       -44.6280 
UPC1 UPC2 06 03 077 18955        -4.5150        -4.5072        -4.8560        -5.1321        -4.8895         0.0000         0.0000        74.5870       -18.2310        65.0060       -44.5900 
UPC1 UPC2 06 03 077 18960        -4.7010        -4.5069        -4.9100        -5.1331        -4.8889         0.0000         0.0000        74.6120       -18.1240        65.0410       -44.5520 
UPC1 UPC2 06 03 077 18965        -4.8590        -4.5072        -4.6300        -5.1323        -4.8882         0.0000         0.0000        74.6370       -18.0180        65.0770       -44.5150 
UPC1 UPC2 06 03 077 18970        -5.0240        -4.5068        -4.8180        -5.1312        -4.8875         0.0000         0.0000        74.6620       -17.9110        65.1120       -44.4770 
UPC1 UPC2 06 03 077 18975        -4.7350        -4.5077        -4.8970        -5.1315        -4.8870         0.0000         0.0000        74.6870       -17.8030        65.1470       -44.4390 
UPC1 UPC2 06 03 077 18980        -4.9150        -4.5058        -5.0180        -5.1296        -4.8864         0.0000         0.0000        74.7120       -17.6960        65.1830       -44.4010 
UPC1 UPC2 06 03 077 18985        -4.9140        -4.5073        -4.8500        -5.1309        -4.8856         0.0000         0.0000        74.7370       -17.5880        65.2180       -44.3630 
UPC1 UPC2 06 03 077 18990        -4.7580        -4.5062        -5.0530        -5.1289        -4.8849         0.0000         0.0000        74.7610       -17.4790        65.2530       -44.3250 
UPC1 UPC2 06 03 077 18995        -4.5550        -4.5031        -5.0630        -5.1262        -4.8843         0.0000         0.0000        74.7860       -17.3710        65.2890       -44.2870 
UPC1 UPC2 06 03 077 19000        -4.6820        -4.5045        -4.9520        -5.1277        -4.8837         0.0000         0.0000        74.8110       -17.2620        65.3240       -44.2490 
UPC1 UPC2 06 03 077 19005        -4.8230        -4.5029        -4.8930        -5.1255        -4.8830         0.0000         0.0000        74.8360       -17.1530        65.3590       -44.2110 
UPC1 UPC2 06 03 077 19010        -4.7000        -4.5014        -4.6270        -5.1243        -4.8823         0.0000         0.0000        74.8600       -17.0440        65.3950       -44.1720 
UPC1 UPC2 06 03 077 19015        -4.7760        -4.4999        -4.5370        -5.1226        -4.8817         0.0000         0.0000        74.8850       -16.9340        65.4300       -44.1340 
UPC1 UPC2 06 03 077 19020        -4.6180        -4.4996        -4.5820        -5.1226        -4.8811         0.0000         0.0000        74.9100       -16.8240        65.4650       -44.0960 
UPC1 UPC2 06 03 077 19025        -4.3330        -4.4979        -4.7680        -5.1213        -4.8804         0.0000         0.0000        74.9340       -16.7140        65.5010       -44.0580 
UPC1 UPC2 06 03 077 19030        -4.6680        -4.4987        -4.8800        -5.1224        -4.8799         0.0000         0.0000        74.9590       -16.6030        65.5360       -44.0190 
UPC1 UPC2 06 03 077 19035        -4.4390        -4.4979        -4.7930        -5.1220        -4.8790         0.0000         0.0000        74.9830       -16.4920        65.5710       -43.9810 
UPC1 UPC2 06 03 077 19040        -4.2440        -4.4973        -5.2270        -5.1221        -4.8785         0.0000         0.0000        75.0080       -16.3810        65.6070       -43.9420 
UPC1 UPC2 06 03 077 19045        -4.2390        -4.4966        -4.7420        -5.1216        -4.8777         0.0000         0.0000        75.0320       -16.2700        65.6420       -43.9040 
UPC1 UPC2 06 03 077 19050        -4.2740        -4.4929        -4.8510        -5.1182        -4.8771         0.0000         0.0000        75.0570       -16.1580        65.6780       -43.8650 
UPC1 UPC2 06 03 077 19055        -4.1130        -4.4948        -4.5830        -5.1194        -4.8764         0.0000         0.0000        75.0810       -16.0460        65.7130       -43.8260 
UPC1 UPC2 06 03 077 19060        -4.4260        -4.4948        -4.4820        -5.1194        -4.8759         0.0000         0.0000        75.1050       -15.9330        65.7480       -43.7880 
UPC1 UPC2 06 03 077 19065        -4.6870        -4.4949        -4.4800        -5.1199        -4.8752         0.0000         0.0000        75.1300       -15.8210        65.7840       -43.7490 
UPC1 UPC2 06 03 077 19070        -4.8530        -4.4948        -4.4950        -5.1189        -4.8745         0.0000         0.0000        75.1540       -15.7080        65.8190       -43.7100 
UPC1 UPC2 06 03 077 19075        -5.0930        -4.4926        -4.2320        -5.1165        -4.8737         0.0000         0.0000        75.1780       -15.5940        65.8550       -43.6710 
UPC1 UPC2 06 03 077 19080        -4.9710        -4.4939        -4.2230        -5.1170        -4.8730         0.0000         0.0000        75.2030       -15.4810        65.8900       -43.6330 
UPC1 UPC2 06 03 077 19085        -4.8040        -4.4941        -4.2640        -5.1162        -4.8724         0.0000         0.0000        75.2270       -15.3670        65.9250       -43.5940 
UPC1 UPC2 06 03 077 19090        -5.0360        -4.4926        -4.5600        -5.1140        -4.8717         0.0000         0.0000        75.2510       -15.2530        65.9610       -43.5550 
UPC1 UPC2 06 03 077 19095        -4.9430        -4.4921        -4.8630        -5.1136        -4.8711         0.0000         0.0000        75.2750       -15.1380        65.9960       -43.5160 
UPC1 UPC2 06 03 077 19100        -5.0250        -4.4936        -4.7310        -5.1144        -4.8704         0.0000         0.0000        75.2990       -15.0230        66.0320       -43.4760 
UPC1 UPC2 06 03 077 19105        -4.7600        -4.4898        -4.8970        -5.1097        -4.8697         0.0000         0.0000        75.3230       -14.9080        66.0670       -43.4370 
UPC1 UPC2 06 03 077 19110        -4.6980        -4.4917        -4.8280        -5.1120        -4.8690         0.0000         0.0000        75.3470       -14.7930        66.1020       -43.3980 
UPC1 UPC2 06 03 077 19115        -4.5510        -4.4900        -4.9490        -5.1104        -4.8684         0.0000        -0.0000        75.3710       -14.6770        66.1380       -43.3590 
UPC1 UPC2 06 03 077 19120        -4.6550        -4.4877        -5.1020        -5.1084        -4.8676         0.0000         0.0000        75.3950       -14.5610        66.1730       -43.3200 
UPC1 UPC2 06 03 077 19125        -4.7080        -4.4886        -5.2620        -5.1091        -4.8670         0.0000         0.0000        75.4190       -14.4440        66.2090       -43.2800 
UPC1 UPC2 06 03 077 19130        -4.7750        -4.4875        -5.3080        -5.1077        -4.8663         0.0000         0.0000        75.4430       -14.3280        66.2440       -43.2410 
UPC1 UPC2 06 03 077 19135        -4.8560        -4.4853        -5.2570        -5.1059        -4.8655         0.0000         0.0000        75.4670       -14.2110        66.2800       -43.2010 
UPC1 UPC2 06 03 077 19140        -4.6280        -4.4841        -5.2610        -5.1050        -4.8650         0.0000         0.0000        75.4910       -14.0930        66.3150       -43.1620 
UPC1 UPC2 06 03 077 19145        -4.8970        -4.4859        -5.1750        -5.1074        -4.8641         0.0000         0.0000        75.5140       -13.9760        66.3510       -43.1220 
UPC1 UPC2 06 03 077 19150        -5.0400        -4.4827        -4.6760        -5.1048        -4.8635         0.0000         0.0000        75.5380       -13.8580        66.3860       -43.0830 
UPC1 UPC2 06 03 077 19155        -5.3570        -4.4831        -4.7500        -5.1049        -4.8627         0.0000         0.0000        75.5620       -13.7390        66.4210       -43.0430 
UPC1 UPC2 06 03 077 19160        -5.2270        -4.4821        -4.5970        -5.1042        -4.8620         0.0000         0.0000        75.5850       -13.6210        66.4570       -43.0030 
UPC1 UPC2 06 03 077 19165        -4.8040        -4.4831        -4.3540        -5.1047        -4.8613         0.0000         0.0000        75.6090       -13.5020        66.4920       -42.9630 
UPC1 UPC2 06 03 077 19170        -4.7700        -4.4808        -4.2720        -5.1028        -4.8607         0.0000         0.0000        75.6330       -13.3820        66.5280       -42.9240 
UPC1 UPC2 06 03 077 19175        -4.7840        -4.4810        -4.1440        -5.1023        -4.8599         0.0000         0.0000        75.6560       -13.2630        66.5630       -42.8840 
UPC1 UPC2 06 03 077 19180        -4.7190        -4.4792        -4.2150        -5.1003        -4.8592         0.0000         0.0000        75.6800       -13.1430        66.5990       -42.8440 
UPC1 UPC2 06 03 077 19185        -4.5870        -4.4781        -4.2070        -5.0999        -4.8584         0.0000         0.0000        75.7030       -13.0220        66.6340       -42.8040 
UPC1 UPC2 06 03 077 19190        -4.4220        -4.4770        -4.6700        -5.0985        -4.8577         0.0000         0.0000        75.7270       -12.9020        66.6700       -42.7640 
UPC1 UPC2 06 03 077 19195        -4.5450        -4.4764        -4.6100        -5.0983        -4.8570         0.0000         0.0000        75.7500       -12.7810        66.7050       -42.7240 
UPC1 UPC2 06 03 077 19200        -4.4960        -4.4768        -4.7210        -5.0992        -4.8563         0.0000         0.0000        75.7730       -12.6590        66.7410       -42.6830 
UPC1 UPC2 06 03 077 19205        -4.2960        -4.4768        -4.7550        -5.0994        -4.8556         0.0000         0.0000        75.7970       -12.5380        66.7760       -42.6430 
UPC1 UPC2 06 03 077 19210        -4.3180        -4.4740        -4.9970        -5.0972        -4.8549         0.0000        -0.0000        75.8200       -12.4160        66.8120       -42.6030 
UPC1 UPC2 06 03 077 19215        -4.3490        -4.4754        -5.2580        -5.0989        -4.8542         0.0000         0.0000        75.8430       -12.2940        66.8470       -42.5630 
UPC1 UPC2 06 03 077 19220        -4.1800        -4.4729        -5.1270        -5.0959        -4.8534         0.0000         0.0000        75.8660       -12.1710        66.8830       -42.5220 
UPC1 UPC2 06 03 077 19225        -4.6640        -4.4717        -5.2230        -5.0944        -4.8527         0.0000         0.0000        75.8890       -12.0480        66.9180       -42.4820 
UPC1 UPC2 06 03 077 19230        -5.0820        -4.4709        -5.0210        -5.0933        -4.8520         0.0000         0.0000        75.9130       -11.9250        66.9540       -42.4410 
UPC1 UPC2 06 03 077 19235        -5.1770        -4.4691        -4.9380        -5.0921        -4.8513         0.0000         0.0000        75.9360       -11.8010        66.9890       -42.4010 
UPC1 UPC2 06 03 077 19240        -4.8770        -4.4700        -4.4190        -5.0922        -4.8506         0.0000         0.0000        75.9590       -11.6770        67.0250       -42.3600 
UPC1 UPC2 06 03 077 19245        -4.8380        -4.4719        -4.4980        -5.0939        -4.8499         0.0000         0.0000        75.9820       -11.5520        67.0600       -42.3190 
UPC1 UPC2 06 03 077 19250        -5.2050        -4.4706        -4.2990        -5.0928        -4.8490         0.0000         0.0000        76.0050       -11.4280        67.0960       -42.2780 
UPC1 UPC2 06 03 077 19255        -5.3260        -4.4666        -3.8620        -5.0881        -4.8484         0.0000         0.0000        76.0270       -11.3030        67.1310       -42.2380 
UPC1 UPC2 06 03 077 19260        -5.4300        -4.4658        -3.9760        -5.0876        -4.8476         0.0000         0.0000        76.0500       -11.1770        67.1670       -42.1970 
UPC1 UPC2 06 03 077 19265        -5.3650        -4.4652        -4.1390        -5.0867        -4.8468         0.0000         0.0000        76.0730       -11.0510        67.2020       -42.1560 
UPC1 UPC2 06 03 077 19270        -5.3160        -4.4627        -4.1330        -5.0845        -4.8461         0.0000         0.0000        76.0960       -10.9250        67.2380       -42.1150 
UPC1 UPC2 06 03 077 19275        -5.2870        -4.4645        -4.1500        -5.0867        -4.8454         0.0000        -0.0000        76.1190       -10.7990        67.2730       -42.0740 
UPC1 UPC2 06 03 077 19280        -5.3000        -4.4630        -4.3010        -5.0856        -4.8445         0.0000         0.0000        76.1410       -10.6720        67.3090       -42.0330 
UPC1 UPC2 06 03 077 19285        -5.2630        -4.4595        -4.2430        -5.0823        -4.8438         0.0000         0.0000        76.1640       -10.5450        67.3440       -41.9910 
UPC1 UPC2 06 03 077 19290        -5.1620        -4.4605        -4.0410        -5.0842        -4.8430         0.0000         0.0000        76.1870       -10.4170        67.3800       -41.9500 
UPC1 UPC2 06 03 077 19295        -5.1980        -4.4602        -4.1130        -5.0844        -4.8424         0.0000         0.0000        76.2090       -10.2890        67.4150       -41.9090 
UPC1 UPC2 06 03 077 19300        -5.2590        -4.4592        -3.8010        -5.0834        -4.8416         0.0000         0.0000        76.2320       -10.1610        67.4510       -41.8670 
UPC1 UPC2 06 03 077 19305        -5.1500        -4.4559        -3.8760        -5.0805        -4.8409         0.0000         0.0000        76.2540       -10.0330        67.4870       -41.8260 
UPC1 UPC2 06 03 077 19310        -5.0670        -4.4563        -4.1290        -5.0810        -4.8401         0.0000         0.0000        76.2760        -9.9040        67.5220       -41.7840 
UPC1 UPC2 06 03 077 19315        -4.9910        -4.4564        -4.5490        -5.0815        -4.8393         0.0000         0.0000        76.2990        -9.7740        67.5580       -41.7430 
UPC1 UPC2 06 03 077 19320        -5.1120        -4.4562        -4.3850        -5.0804        -4.8386         0.0000         0.0000        76.3210        -9.6450        67.5930       -41.7010 
UPC1 UPC2 06 03 077 19325        -5.0070        -4.4567        -4.1310        -5.0805        -4.8378         0.0000         0.0000        76.3430        -9.5150        67.6290       -41.6600 
UPC1 UPC2 06 03 077 19330        -5.0260        -4.4556        -4.3260        -5.0781        -4.8370         0.0000         0.0000        76.3660        -9.3840        67.6640       -41.6180 
UPC1 UPC2 06 03 077 19335        -5.1390        -4.4544        -4.7400        -5.0771        -4.8363         0.0000         0.0000        76.3880        -9.2530        67.7000       -41.5760 
UPC1 UPC2 06 03 077 19340        -4.9150        -4.4556        -4.9170        -5.0771        -4.8355         0.0000         0.0000        76.4100        -9.1220        67.7350       -41.5340 
UPC1 UPC2 06 03 077 19345        -4.3790        -4.4560        -5.0420        -5.0765        -4.8347         0.0000         0.0000        76.4320        -8.9910        67.7710       -41.4920 
UPC1 UPC2 06 03 077 19350        -4.3550        -4.4551        -4.8300        -5.0756        -4.8339         0.0000         0.0000        76.4540        -8.8590        67.8070       -41.4500 
UPC1 UPC2 06 03 077 19355        -4.9150        -4.4534        -5.0380        -5.0739        -4.8332         0.0000         0.0000        76.4760        -8.7270        67.8420       -41.4080 
UPC1 UPC2 06 03 077 19360        -5.1010        -4.4524        -5.3570        -5.0725        -4.8324         0.0000         0.0000        76.4980        -8.5940        67.8780       -41.3660 
UPC1 UPC2 06 03 077 19365        -5.2100        -4.4505        -5.3150        -5.0703        -4.8316         0.0000         0.0000        76.5200        -8.4610        67.9130       -41.3240 
UPC1 UPC2 06 03 077 19370        -5.0150        -4.4483        -5.1800        -5.0681        -4.8308         0.0000         0.0000        76.5420        -8.3280        67.9490       -41.2810 
UPC1 UPC2 06 03 077 19375        -4.7990        -4.4482        -5.1120        -5.0685        -4.8301         0.0000         0.0000        76.5640        -8.1940        67.9840       -41.2390 
UPC1 UPC2 06 03 077 19380        -4.9320        -4.4477        -5.1120        -5.0683        -4.8293         0.0000         0.0000        76.5850        -8.0600        68.0200       -41.1960 
UPC1 UPC2 06 03 077 19385        -5.2350        -4.4483        -5.2320        -5.0698        -4.8285         0.0000         0.0000        76.6070        -7.9260        68.0560       -41.1540 
UPC1 UPC2 06 03 077 19390        -4.9090        -4.4470        -5.1660        -5.0689        -4.8277         0.0000         0.0000        76.6290        -7.7910        68.0910       -41.1110 
UPC1 UPC2 06 03 077 19395        -4.9360        -4.4460        -4.7120        -5.0688        -4.8269         0.0000         0.0000        76.6500        -7.6550        68.1270       -41.0690 
UPC1 UPC2 06 03 077 19400        -5.1060        -4.4462        -4.4000        -5.0695        -4.8262         0.0000         0.0000        76.6720        -7.5200        68.1620       -41.0260 
UPC1 UPC2 06 03 077 19405        -4.8720        -4.4443        -4.2530        -5.0678        -4.8253         0.0000         0.0000        76.6940        -7.3840        68.1980       -40.9830 
UPC1 UPC2 06 03 077 19410        -4.6610        -4.4427        -4.3170        -5.0657        -4.8245         0.0000         0.0000        76.7150        -7.2480        68.2340       -40.9400 
UPC1 UPC2 06 03 077 19415        -4.4790        -4.4442        -4.5700        -5.0671        -4.8237         0.0000         0.0000        76.7360        -7.1110        68.2690       -40.8970 
UPC1 UPC2 06 03 077 19420        -4.2110        -4.4440        -4.5810        -5.0667        -4.8229         0.0000         0.0000        76.7580        -6.9740        68.3050       -40.8540 
UPC1 UPC2 06 03 077 19425        -4.1530        -4.4422        -4.4220        -5.0650        -4.8221         0.0000         0.0000        76.7790        -6.8360        68.3400       -40.8110 
UPC1 UPC2 06 03 077 19430        -4.6620        -4.4386        -4.3760        -5.0617        -4.8214         0.0000         0.0000        76.8000        -6.6980        68.3760       -40.7680 
UPC1 UPC2 06 03 077 19435        -4.7100        -4.4389        -4.3710        -5.0627        -4.8206         0.0000         0.0000        76.8220        -6.5600        68.4120       -40.7250 
UPC1 UPC2 06 03 077 19440        -4.6390        -4.4396        -4.6180        -5.0635        -4.8197         0.0000         0.0000        76.8430        -6.4210        68.4470       -40.6820 
UPC1 UPC2 06 03 077 19445        -4.7210        -4.4389        -4.4580        -5.0622        -4.8190         0.0000         0.0000        76.8640        -6.2820        68.4830       -40.6380 
UPC1 UPC2 06 03 077 19450        -4.7910        -4.4376        -4.2330        -5.0610        -4.8181         0.0000         0.0000        76.8850        -6.1430        68.5180       -40.5950 
UPC1 UPC2 06 03 077 19455        -4.9740        -4.4360        -4.2290        -5.0587        -4.8173         0.0000         0.0000        76.9060        -6.0030        68.5540       -40.5510 
UPC1 UPC2 06 03 077 19460        -5.0990        -4.4368        -4.3200        -5.0588        -4.8165         0.0000         0.0000        76.9270        -5.8630        68.5900       -40.5080 
UPC1 UPC2 06 03 077 19465        -5.1930        -4.4354        -4.5750        -5.0568        -4.8157         0.0000         0.0000        76.9480        -5.7220        68.6250       -40.4640 
UPC1 UPC2 06 03 077 19470        -5.1860        -4.4339        -4.7820        -5.0546        -4.8149         0.0000         0.0000        76.9690        -5.5810        68.6610       -40.4200 
UPC1 UPC2 06 03 077 19475        -4.9240        -4.4341        -4.7820        -5.0546        -4.8141         0.0000         0.0000        76.9890        -5.4400        68.6970       -40.3770 
UPC1 UPC2 06 03 077 19480        -4.8360        -4.4333        -4.9810        -5.0537        -4.8132         0.0000         0.0000        77.0100        -5.2980        68.7320       -40.3330 
UPC1 UPC2 06 03 077 19485        -4.9800        -4.4317        -5.1930        -5.0522        -4.8124         0.0000         0.0000        77.0310        -5.1560        68.7680       -40.2890 
UPC1 UPC2 06 03 077 19490        -5.1740        -4.4303        -5.0270        -5.0507        -4.8116         0.0000         0.0000        77.0510        -5.0130        68.8030       -40.2450 
UPC1 UPC2 06 03 077 19495        -4.8920        -4.4291        -5.1040        -5.0491        -4.8109         0.0000         0.0000        77.0720        -4.8700        68.8390       -40.2010 
UPC1 UPC2 06 03 077 19500        -4.6070        -4.4309        -5.3890        -5.0509        -4.8100         0.0000         0.0000        77.0920        -4.7270        68.8750       -40.1560 
UPC1 UPC2 06 03 077 19505        -4.6100        -4.4283        -5.2320        -5.0482        -4.8092         0.0000         0.0000        77.1130        -4.5830        68.9100       -40.1120 
UPC1 UPC2 06 03 077 19510        -4.5930        -4.4275        -5.2610        -5.0475        -4.8084         0.0000         0.0000        77.1330        -4.4390        68.9460       -40.0680 
UPC1 UPC2 06 03 077 19515        -4.4060        -4.4293        -5.4720        -5.0493        -4.8075         0.0000         0.0000        77.1540        -4.2940        68.9820       -40.0230 
UPC1 UPC2 06 03 077 19520        -4.4970        -4.4285        -5.4930        -5.0488        -4.8068         0.0000         0.0000        77.1740        -4.1490        69.0170       -39.9790 
UPC1 UPC2 06 03 077 19525        -4.4840        -4.4269        -5.4110        -5.0469        -4.8059         0.0000         0.0000        77.1940        -4.0040        69.0530       -39.9340 
UPC1 UPC2 06 03 077 19530        -4.5670        -4.4268        -5.3270        -5.0473        -4.8051         0.0000         0.0000        77.2140        -3.8580        69.0890       -39.8900 
UPC1 UPC2 06 03 077 19535        -4.8960        -4.4255        -5.1090        -5.0460        -4.8042         0.0000         0.0000        77.2340        -3.7120        69.1240       -39.8450 
UPC1 UPC2 06 03 077 19540        -4.8710        -4.4235        -5.0650        -5.0452        -4.8033         0.0000         0.0000        77.2550        -3.5650        69.1600       -39.8000 
UPC1 UPC2 06 03 077 19545        -4.5780        -4.4222        -5.0330        -5.0437        -4.8026         0.0000         0.0000        77.2750        -3.4180        69.1960       -39.7550 
UPC1 UPC2 06 03 077 19550        -4.8210        -4.4219        -5.3600        -5.0439        -4.8016         0.0000         0.0000        77.2940        -3.2710        69.2310       -39.7100 
UPC1 UPC2 06 03 077 19555        -4.7910        -4.4192        -5.1330        -5.0413        -4.8009         0.0000         0.0000        77.3140        -3.1230        69.2670       -39.6650 
UPC1 UPC2 06 03 077 19560        -4.9590        -4.4212        -5.0630        -5.0437        -4.8000         0.0000         0.0000        77.3340        -2.9750        69.3030       -39.6200 
UPC1 UPC2 06 03 077 19565        -5.0580        -4.4194        -4.9880        -5.0426        -4.7992         0.0000         0.0000        77.3540        -2.8260        69.3380       -39.5750 
UPC1 UPC2 06 03 077 19570        -5.1930        -4.4199        -4.7600        -5.0432        -4.7984         0.0000         0.0000        77.3740        -2.6770        69.3740       -39.5290 
UPC1 UPC2 06 03 077 19575        -5.0370        -4.4192        -4.4450        -5.0422        -4.7975         0.0000         0.0000        77.3930        -2.5280        69.4100       -39.4840 
UPC1 UPC2 06 03 077 19580        -5.0510        -4.4186        -4.3430        -5.0408        -4.7967         0.0000         0.0000        77.4130        -2.3780        69.4450       -39.4380 
UPC1 UPC2 06 03 077 19585        -4.9290        -4.4173        -4.0740        -5.0391        -4.7958         0.0000         0.0000        77.4320        -2.2270        69.4810       -39.3930 
UPC1 UPC2 06 03 077 19590        -4.5770        -4.4187        -3.9710        -5.0400        -4.7950         0.0000         0.0000        77.4520        -2.0770        69.5170       -39.3470 
UPC1 UPC2 06 03 077 19595        -4.3110        -4.4154        -3.7940        -5.0347        -4.7941         0.0000         0.0000        77.4710        -1.9260        69.5520       -39.3010 
UPC1 UPC2 06 03 077 19600        -4.4470        -4.4163        -3.8380        -5.0351        -4.7932         0.0000         0.0000        77.4910        -1.7740        69.5880       -39.2550 
UPC1 UPC2 06 03 077 19605        -4.6300        -4.4127        -3.9630        -5.0310        -4.7924         0.0000         0.0000        77.5100        -1.6220        69.6240       -39.2100 
UPC1 UPC2 06 03 077 19610        -4.4310        -4.4129        -4.1310        -5.0310        -4.7915         0.0000         0.0000        77.5290        -1.4700        69.6590       -39.1640 
UPC1 UPC2 06 03 077 19615        -4.6670        -4.4114        -4.5290        -5.0295        -4.7907         0.0000         0.0000        77.5480        -1.3170        69.6950       -39.1170 
UPC1 UPC2 06 03 077 19620        -4.5600        -4.4093        -4.7890        -5.0278        -4.7898         0.0000         0.0000        77.5670        -1.1640        69.7310       -39.0710 
UPC1 UPC2 06 03 077 19625        -4.4900        -4.4083        -4.7800        -5.0275        -4.7890         0.0000         0.0000        77.5860        -1.0100        69.7660       -39.0250 
UPC1 UPC2 06 03 077 19630        -4.3630        -4.4066        -4.8920        -5.0262        -4.7881         0.0000         0.0000        77.6050        -0.8560        69.8020       -38.9790 
UPC1 UPC2 06 03 077 19635        -4.3630        -4.4055        -5.0550        -5.0256        -4.7873         0.0000         0.0000        77.6240        -0.7020        69.8380       -38.9320 
UPC1 UPC2 06 03 077 19640        -4.6160        -4.4045        -5.1610        -5.0258        -4.7864         0.0000         0.0000        77.6430        -0.5470        69.8730       -38.8860 
UPC1 UPC2 06 03 077 19645        -4.5330        -4.4042        -5.2480        -5.0260        -4.7856         0.0000         0.0000        77.6620        -0.3920        69.9090       -38.8390 
UPC1 UPC2 06 03 077 19650        -4.1230        -3.8400        -4.8820        -4.4619        -4.2218         0.0000         0.0000        77.6810        -0.2360        69.9450       -38.7920 
UPC1 UPC2 06 03 077 19655        -4.3250        -3.8406        -4.7170        -4.4624        -4.2213         0.0000         0.0000        77.6990        -0.0800        69.9800       -38.7450 
UPC1 UPC2 06 03 077 19660        -4.0790        -3.8383        -4.7660        -4.4600        -4.2207         0.0000         0.0000        77.7180         0.0770        70.0160       -38.6980 
UPC1 UPC2 06 03 077 19665        -4.0990        -3.8409        -4.7230        -4.4622        -4.2201         0.0000         0.0000        77.7360         0.2340        70.0520       -38.6510 
UPC1 UPC2 06 03 077 19670        -4.0550        -3.8430        -4.7990        -4.4632        -4.2196         0.0000         0.0000        77.7550         0.3910        70.0870       -38.6040 
UPC1 UPC2 06 03 077 19675        -4.2850        -3.8399        -4.8140        -4.4593        -4.2191         0.0000         0.0000        77.7730         0.5490        70.1230       -38.5570 
UPC1 UPC2 06 03 077 19680        -4.2100        -3.8384        -4.8780        -4.4573        -4.2185         0.0000         0.0000        77.7910         0.7070        70.1590       -38.5100 
UPC1 UPC2 06 03 077 19685        -4.3240        -3.8378        -4.6720        -4.4566        -4.2180         0.0000         0.0000        77.8100         0.8660        70.1950       -38.4620 
UPC1 UPC2 06 03 077 19690        -4.2410        -3.8394        -4.8430        -4.4576        -4.2174         0.0000         0.0000        77.8280         1.0250        70.2300       -38.4150 
UPC1 UPC2 06 03 077 19695        -4.4050        -3.8373        -4.7210        -4.4563        -4.2169         0.0000         0.0000        77.8460         1.1840        70.2660       -38.3670 
UPC1 UPC2 06 03 077 19700        -4.5010        -3.8398        -4.3170        -4.4583        -4.2163         0.0000         0.0000        77.8640         1.3440        70.3020       -38.3200 
UPC1 UPC2 06 03 077 19705        -4.3380        -3.8364        -4.2980        -4.4549        -4.2159         0.0000         0.0000        77.8820         1.5040        70.3370       -38.2720 
UPC1 UPC2 06 03 077 19710        -4.3510        -3.8363        -4.3610        -4.4548        -4.2153         0.0000         0.0000        77.9000         1.6650        70.3730       -38.2240 
UPC1 UPC2 06 03 077 19715        -4.2490        -3.8365        -4.1730        -4.4562        -4.2148         0.0000         0.0000        77.9180         1.8260        70.4090       -38.1760 
UPC1 UPC2 06 03 077 19720        -4.1630        -3.8340        -4.2140        -4.4542        -4.2142         0.0000         0.0000        77.9350         1.9880        70.4440       -38.1280 
UPC1 UPC2 06 03 077 19725        -4.2660        -3.8343        -4.2470        -4.4555        -4.2137         0.0000         0.0000        77.9530         2.1500        70.4800       -38.0800 
UPC1 UPC2 06 03 077 19730        -3.8930        -3.8312        -4.2670        -4.4534        -4.2131         0.0000         0.0000        77.9710         2.3130        70.5160       -38.0310 
UPC1 UPC2 06 03 077 19735        -3.3830        -3.8340        -4.3190        -4.4573        -4.2126         0.0000         0.0000        77.9880         2.4750        70.5520       -37.9830 
UPC1 UPC2 06 03 077 19740        -3.2330        -3.8319        -4.4790        -4.4563        -4.2121         0.0000         0.0000        78.0060         2.6390        70.5870       -37.9350 
UPC1 UPC2 06 03 077 19745        -3.0400        -3.8296        -4.6130        -4.4549        -4.2115         0.0000         0.0000        78.0230         2.8030        70.6230       -37.8860 
UPC1 UPC2 06 03 077 19750        -3.0310        -3.8285        -4.4360        -4.4541        -4.2109         0.0000         0.0000        78.0410         2.9670        70.6590       -37.8370 
UPC1 UPC2 06 03 077 19755        -3.2120        -3.8276        -4.6320        -4.4532        -4.2104         0.0000         0.0000        78.0580         3.1310        70.6940       -37.7880 
UPC1 UPC2 06 03 077 19760        -3.1650        -3.8285        -4.2520        -4.4546        -4.2098         0.0000         0.0000        78.0750         3.2960        70.7300       -37.7400 
UPC1 UPC2 06 03 077 19765        -2.9970        -3.8271        -4.2130        -4.4536        -4.2092         0.0000         0.0000        78.0920         3.4620        70.7660       -37.6910 
UPC1 UPC2 06 03 077 19770        -3.4520        -3.8268        -4.4320        -4.4537        -4.2087         0.0000         0.0000        78.1090         3.6280        70.8020       -37.6410 
UPC1 UPC2 06 03 077 19775        -3.7240        -3.8269        -4.3160        -4.4534        -4.2081         0.0000         0.0000        78.1260         3.7940        70.8370       -37.5920 
UPC1 UPC2 06 03 077 19780        -3.8240        -3.8282        -4.4080        -4.4544        -4.2076         0.0000         0.0000        78.1430         3.9610        70.8730       -37.5430 
UPC1 UPC2 06 03 077 19785        -3.7120        -3.8246        -4.4760        -4.4501        -4.2071         0.0000         0.0000        78.1600         4.1280        70.9090       -37.4930 
UPC1 UPC2 06 03 077 19790        -3.9210        -3.8253        -4.4360        -4.4504        -4.2066         0.0000         0.0000        78.1770         4.2960        70.9440       -37.4440 
UPC1 UPC2 06 03 077 19795        -3.9380        -3.8257        -4.6450        -4.4498        -4.2059         0.0000         0.0000        78.1930         4.4640        70.9800       -37.3940 
UPC1 UPC2 06 03 077 19800        -3.9850        -3.8237        -4.6300        -4.4476        -4.2053         0.0000         0.0000        78.2100         4.6320        71.0160       -37.3450 
UPC1 UPC2 06 03 077 19805        -3.9800        -3.8223        -4.9340        -4.4454        -4.2048         0.0000         0.0000        78.2260         4.8010        71.0520       -37.2950 
UPC1 UPC2 06 03 077 19810        -4.1650        -3.8224        -4.9840        -4.4456        -4.2041         0.0000         0.0000        78.2430         4.9700        71.0870       -37.2450 
UPC1 UPC2 06 03 077 19815        -4.1880        -3.8238        -4.9990        -4.4462        -4.2035         0.0000         0.0000        78.2590         5.1400        71.1230       -37.1950 
UPC1 UPC2 06 03 077 19820        -3.9800        -3.8226        -5.1890        -4.4452        -4.2030         0.0000         0.0000        78.2760         5.3100        71.1590       -37.1440 
UPC1 UPC2 06 03 077 19825        -4.0160        -3.8225        -5.3500        -4.4453        -4.2025         0.0000         0.0000        78.2920         5.4810        71.1940       -37.0940 
UPC1 UPC2 06 03 077 19830        -4.0060        -3.8227        -5.4900        -4.4452        -4.2019         0.0000         0.0000        78.3080         5.6520        71.2300       -37.0440 
UPC1 UPC2 06 03 077 19835        -3.6350        -3.8211        -5.2810        -4.4439        -4.2013         0.0000         0.0000        78.3240         5.8230        71.2660       -36.9930 
UPC1 UPC2 06 03 077 19840        -3.4100        -3.8188        -5.1670        -4.4412        -4.2008         0.0000         0.0000        78.3400         5.9950        71.3020       -36.9420 
UPC1 UPC2 06 03 077 19845        -3.1190        -3.8184        -5.1730        -4.4414        -4.2002         0.0000         0.0000        78.3560         6.1680        71.3370       -36.8920 
UPC1 UPC2 06 03 077 19850        -3.1750        -3.8196        -4.8700        -4.4418        -4.1996         0.0000         0.0000        78.3720         6.3400        71.3730       -36.8410 
UPC1 UPC2 06 03 077 19855        -3.0040        -3.8178        -4.7500        -4.4408        -4.1991         0.0000         0.0000        78.3880         6.5140        71.4090       -36.7900 
UPC1 UPC2 06 03 077 19860        -3.2930        -3.8190        -5.0480        -4.4422        -4.1985         0.0000         0.0000        78.4030         6.6870        71.4440       -36.7390 
UPC1 UPC2 06 03 077 19865        -3.6860        -3.8179        -4.8550        -4.4409        -4.1979         0.0000         0.0000        78.4190         6.8610        71.4800       -36.6870 
UPC1 UPC2 06 03 077 19870        -3.3490        -3.8185        -4.8220        -4.4419        -4.1973         0.0000         0.0000        78.4340         7.0360        71.5160       -36.6360 
UPC1 UPC2 06 03 077 19875        -3.3620        -3.8160        -4.7540        -4.4395        -4.1967         0.0000         0.0000        78.4500         7.2100        71.5520       -36.5850 
UPC1 UPC2 06 03 077 19880        -3.3840        -3.8162        -4.7120        -4.4403        -4.1962         0.0000         0.0000        78.4650         7.3860        71.5870       -36.5330 
UPC1 UPC2 06 03 077 19885        -3.3440        -3.8163        -4.8550        -4.4400        -4.1956         0.0000         0.0000        78.4800         7.5620        71.6230       -36.4810 
UPC1 UPC2 06 03 077 19890        -3.5290        -3.8140        -4.6190        -4.4378        -4.1951         0.0000         0.0000        78.4960         7.7380        71.6590       -36.4290 
UPC1 UPC2 06 03 077 19895        -3.8060        -3.8124        -4.4850        -4.4363        -4.1943         0.0000         0.0000        78.5110         7.9140        71.6940       -36.3770 
UPC1 UPC2 06 03 077 19900        -3.8190        -3.8110        -4.6860        -4.4354        -4.1937         0.0000         0.0000        78.5260         8.0910        71.7300       -36.3250 
