UPC1 UPC2 06 16 077 18000       -12.0110       -12.1392       -12.7820       -12.7617       -12.5264         0.0000         0.0000        69.4240       -34.5100        62.8970       177.3100 
UPC1 UPC2 06 16 077 18005       -12.0280       -12.1641       -12.6400       -12.7863       -12.5511         0.0000        -0.0000        69.4520       -34.4410        62.8550       177.2990 
UPC1 UPC2 06 16 077 18010       -12.2150       -12.1872       -12.6330       -12.8101       -12.5757         0.0000        -0.0000        69.4810       -34.3720        62.8130       177.2880 
UPC1 UPC2 06 16 077 18015       -12.0910       -12.2119       -12.7320       -12.8349       -12.6004         0.0000        -0.0000        69.5090       -34.3030        62.7710       177.2760 
UPC1 UPC2 06 16 077 18020       -12.3630       -12.2352       -12.8040       -12.8581       -12.6251         0.0000         0.0000        69.5380       -34.2330        62.7290       177.2650 
UPC1 UPC2 06 16 077 18025       -12.8450       -12.2575       -12.9260       -12.8808       -12.6498         0.0000         0.0000        69.5660       -34.1640        62.6860       177.2540 
UPC1 UPC2 06 16 077 18030       -13.1990       -12.2859       -13.0670       -12.9092       -12.6744         0.0000        -0.0000        69.5940       -34.0940        62.6440       177.2430 
UPC1 UPC2 06 16 077 18035       -13.2160       -12.3090       -12.8020       -12.9324       -12.6991         0.0000         0.0000        69.6230       -34.0250        62.6020       177.2320 
UPC1 UPC2 06 16 077 18040       -13.2850       -12.3358       -12.6370       -12.9595       -12.7236         0.0000        -0.0000        69.6510       -33.9550        62.5600       177.2200 
UPC1 UPC2 06 16 077 18045       -13.5020       -12.3594       -12.5380       -12.9834       -12.7483         0.0000        -0.0000        69.6790       -33.8850        62.5180       177.2100 
UPC1 UPC2 06 16 077 18050       -13.7220       -12.3849       -12.8450       -13.0088       -12.7728         0.0000         0.0000        69.7080       -33.8150        62.4760       177.1990 
UPC1 UPC2 06 16 077 18055       -13.7610       -12.4089       -12.9630       -13.0327       -12.7974         0.0000         0.0000        69.7360       -33.7440        62.4330       177.1880 
UPC1 UPC2 06 16 077 18060       -13.9810       -12.4349       -12.9510       -13.0589       -12.8218         0.0000        -0.0000        69.7640       -33.6740        62.3910       177.1770 
UPC1 UPC2 06 16 077 18065       -13.8180       -12.4634       -13.3530       -13.0865       -12.8464         0.0000        -0.0000        69.7920       -33.6030        62.3490       177.1660 
UPC1 UPC2 06 16 077 18070       -13.7990       -12.4835       -13.4200       -13.1062       -12.8709         0.0000         0.0000        69.8210       -33.5330        62.3070       177.1550 
UPC1 UPC2 06 16 077 18075       -13.4190       -12.5063       -13.5660       -13.1282       -12.8954         0.0000        -0.0000        69.8490       -33.4620        62.2650       177.1450 
UPC1 UPC2 06 16 077 18080       -13.4000       -12.5338       -13.3800       -13.1559       -12.9198         0.0000         0.0000        69.8770       -33.3910        62.2230       177.1340 
UPC1 UPC2 06 16 077 18085       -13.5020       -12.5571       -13.2900       -13.1783       -12.9444         0.0000        -0.0000        69.9050       -33.3200        62.1800       177.1240 
UPC1 UPC2 06 16 077 18090       -13.2670       -12.5830       -13.3400       -13.2052       -12.9687         0.0000        -0.0000        69.9340       -33.2490        62.1380       177.1130 
UPC1 UPC2 06 16 077 18095       -13.1690       -12.6024       -13.5060       -13.2245       -12.9933         0.0000         0.0000        69.9620       -33.1770        62.0960       177.1030 
UPC1 UPC2 06 16 077 18100       -13.1400       -12.6288       -13.4310       -13.2516       -13.0177         0.0000         0.0000        69.9900       -33.1060        62.0540       177.0920 
UPC1 UPC2 06 16 077 18105       -13.2540       -12.6527       -13.5190       -13.2765       -13.0421         0.0000        -0.0000        70.0180       -33.0340        62.0120       177.0820 
UPC1 UPC2 06 16 077 18110       -13.3200       -12.6760       -13.1860       -13.2996       -13.0665         0.0000         0.0000        70.0460       -32.9620        61.9700       177.0720 
UPC1 UPC2 06 16 077 18115       -12.9130       -12.6982       -13.0330       -13.3227       -13.0909         0.0000         0.0000        70.0750       -32.8900        61.9270       177.0610 
UPC1 UPC2 06 16 077 18120       -12.9040       -12.7247       -13.1790       -13.3495       -13.1152         0.0000        -0.0000        70.1030       -32.8180        61.8850       177.0510 
UPC1 UPC2 06 16 077 18125       -12.9750       -12.7491       -13.3620       -13.3744       -13.1394         0.0000         0.0000        70.1310       -32.7460        61.8430       177.0410 
UPC1 UPC2 06 16 077 18130       -13.4300       -12.7727       -13.5160       -13.3981       -13.1638         0.0000         0.0000        70.1590       -32.6740        61.8010       177.0310 
UPC1 UPC2 06 16 077 18135       -13.2500       -12.7972       -13.5760       -13.4230       -13.1881         0.0000         0.0000        70.1870       -32.6010        61.7590       177.0210 
UPC1 UPC2 06 16 077 18140       -13.2240       -12.8218       -13.6020       -13.4469       -13.2123         0.0000         0.0000        70.2150       -32.5290        61.7170       177.0110 
UPC1 UPC2 06 16 077 18145       -13.5550       -12.8464       -13.5560       -13.4721       -13.2367         0.0000         0.0000        70.2430       -32.4560        61.6740       177.0010 
UPC1 UPC2 06 16 077 18150       -13.4730       -12.8705       -13.5340       -13.4961       -13.2609         0.0000         0.0000        70.2720       -32.3830        61.6320       176.9910 
UPC1 UPC2 06 16 077 18155       -13.7060       -12.8945       -13.5120       -13.5200       -13.2851         0.0000         0.0000        70.3000       -32.3100        61.5900       176.9820 
UPC1 UPC2 06 16 077 18160       -13.7300       -12.9182       -13.7630       -13.5432       -13.3094         0.0000         0.0000        70.3280       -32.2360        61.5480       176.9720 
UPC1 UPC2 06 16 077 18165       -13.9270       -12.9441       -13.8850       -13.5690       -13.3336         0.0000         0.0000        70.3560       -32.1630        61.5060       176.9620 
UPC1 UPC2 06 16 077 18170       -14.0400       -12.9671       -13.9470       -13.5915       -13.3577         0.0000         0.0000        70.3840       -32.0900        61.4630       176.9520 
UPC1 UPC2 06 16 077 18175       -14.1540       -12.9911       -13.9800       -13.6150       -13.3818         0.0000         0.0000        70.4120       -32.0160        61.4210       176.9430 
UPC1 UPC2 06 16 077 18180       -14.0750       -13.0148       -14.1570       -13.6379       -13.4061         0.0000        -0.0000        70.4400       -31.9420        61.3790       176.9330 
UPC1 UPC2 06 16 077 18185       -14.1260       -13.0372       -14.5050       -13.6605       -13.4301         0.0000        -0.0000        70.4680       -31.8680        61.3370       176.9240 
UPC1 UPC2 06 16 077 18190       -14.2070       -13.0621       -14.2680       -13.6853       -13.4543         0.0000         0.0000        70.4960       -31.7940        61.2950       176.9140 
UPC1 UPC2 06 16 077 18195       -13.9800       -13.0844       -14.1930       -13.7078       -13.4784         0.0000         0.0000        70.5240       -31.7200        61.2530       176.9050 
UPC1 UPC2 06 16 077 18200       -13.8440       -13.1092       -14.4400       -13.7334       -13.5026         0.0000        -0.0000        70.5520       -31.6450        61.2100       176.8950 
UPC1 UPC2 06 16 077 18205       -13.7610       -13.1353       -14.3110       -13.7595       -13.5265         0.0000         0.0000        70.5800       -31.5710        61.1680       176.8860 
UPC1 UPC2 06 16 077 18210       -13.8930       -13.1585       -14.3970       -13.7825       -13.5506         0.0000        -0.0000        70.6080       -31.4960        61.1260       176.8770 
UPC1 UPC2 06 16 077 18215       -14.0580       -13.1826       -13.9780       -13.8066       -13.5746         0.0000         0.0000        70.6360       -31.4210        61.0840       176.8680 
UPC1 UPC2 06 16 077 18220       -14.4710       -13.2105       -13.9900       -13.8348       -13.5986         0.0000         0.0000        70.6640       -31.3460        61.0420       176.8580 
UPC1 UPC2 06 16 077 18225       -14.5760       -13.2311       -13.5800       -13.8550       -13.6226         0.0000         0.0000        70.6920       -31.2710        60.9990       176.8490 
UPC1 UPC2 06 16 077 18230       -14.7830       -13.2572       -13.9530       -13.8811       -13.6466         0.0000         0.0000        70.7200       -31.1950        60.9570       176.8400 
UPC1 UPC2 06 16 077 18235       -14.5490       -13.2785       -14.0060       -13.9028       -13.6706         0.0000        -0.0000        70.7480       -31.1200        60.9150       176.8310 
UPC1 UPC2 06 16 077 18240       -14.5000       -13.3053       -13.9570       -13.9293       -13.6946         0.0000         0.0000        70.7750       -31.0440        60.8730       176.8220 
UPC1 UPC2 06 16 077 18245       -14.4560       -13.3269       -13.8720       -13.9505       -13.7184         0.0000         0.0000        70.8030       -30.9680        60.8310       176.8130 
UPC1 UPC2 06 16 077 18250       -14.5390       -13.3501       -13.7240       -13.9732       -13.7424         0.0000         0.0000        70.8310       -30.8920        60.7890       176.8040 
UPC1 UPC2 06 16 077 18255       -14.5430       -13.3747       -13.4380       -13.9981       -13.7662         0.0000        -0.0000        70.8590       -30.8160        60.7460       176.7950 
UPC1 UPC2 06 16 077 18260       -14.8450       -13.3986       -13.5650       -14.0228       -13.7902         0.0000         0.0000        70.8870       -30.7400        60.7040       176.7870 
UPC1 UPC2 06 16 077 18265       -14.8090       -13.4237       -13.4840       -14.0477       -13.8141         0.0000         0.0000        70.9150       -30.6630        60.6620       176.7780 
UPC1 UPC2 06 16 077 18270       -14.8970       -13.4465       -13.8430       -14.0707       -13.8378         0.0000         0.0000        70.9420       -30.5870        60.6200       176.7690 
UPC1 UPC2 06 16 077 18275       -14.7220       -13.4707       -14.2320       -14.0950       -13.8617         0.0000        -0.0000        70.9700       -30.5100        60.5780       176.7610 
UPC1 UPC2 06 16 077 18280       -14.5360       -13.4940       -14.0790       -14.1183       -13.8856         0.0000         0.0000        70.9980       -30.4330        60.5350       176.7520 
UPC1 UPC2 06 16 077 18285       -14.6370       -13.5187       -14.0670       -14.1422       -13.9094         0.0000         0.0000        71.0260       -30.3560        60.4930       176.7430 
UPC1 UPC2 06 16 077 18290       -14.7570       -13.5406       -14.1670       -14.1642       -13.9331         0.0000        -0.0000        71.0540       -30.2780        60.4510       176.7350 
UPC1 UPC2 06 16 077 18295       -14.9640       -13.5647       -14.1930       -14.1887       -13.9569         0.0000        -0.0000        71.0810       -30.2010        60.4090       176.7260 
UPC1 UPC2 06 16 077 18300       -14.5820       -13.5877       -14.2640       -14.2119       -13.9806         0.0000         0.0000        71.1090       -30.1230        60.3670       176.7180 
UPC1 UPC2 06 16 077 18305       -14.6110       -13.6143       -14.5080       -14.2379       -14.0043         0.0000         0.0000        71.1370       -30.0460        60.3240       176.7090 
UPC1 UPC2 06 16 077 18310       -14.6100       -13.6380       -14.4950       -14.2609       -14.0281         0.0000         0.0000        71.1640       -29.9680        60.2820       176.7010 
UPC1 UPC2 06 16 077 18315       -14.6470       -13.6589       -14.4790       -14.2814       -14.0518         0.0000         0.0000        71.1920       -29.8890        60.2400       176.6930 
UPC1 UPC2 06 16 077 18320       -14.3550       -13.6830       -14.3000       -14.3048       -14.0755         0.0000        -0.0000        71.2200       -29.8110        60.1980       176.6840 
UPC1 UPC2 06 16 077 18325       -14.3240       -13.7087       -14.0630       -14.3305       -14.0990         0.0000         0.0000        71.2480       -29.7330        60.1560       176.6760 
UPC1 UPC2 06 16 077 18330       -14.3980       -13.7317       -13.9010       -14.3537       -14.1228         0.0000        -0.0000        71.2750       -29.6540        60.1140       176.6680 
UPC1 UPC2 06 16 077 18335       -14.2100       -13.7540       -13.7640       -14.3761       -14.1463         0.0000         0.0000        71.3030       -29.5750        60.0710       176.6600 
UPC1 UPC2 06 16 077 18340       -14.2420       -13.7773       -14.2340       -14.3998       -14.1700         0.0000         0.0000        71.3300       -29.4960        60.0290       176.6520 
UPC1 UPC2 06 16 077 18345       -14.3510       -13.7978       -14.2500       -14.4220       -14.1936         0.0000        -0.0000        71.3580       -29.4170        59.9870       176.6440 
UPC1 UPC2 06 16 077 18350       -14.5580       -13.8220       -14.1400       -14.4462       -14.2171         0.0000        -0.0000        71.3860       -29.3380        59.9450       176.6360 
UPC1 UPC2 06 16 077 18355       -14.8520       -13.8460       -13.9530       -14.4716       -14.2406         0.0000         0.0000        71.4130       -29.2580        59.9030       176.6280 
UPC1 UPC2 06 16 077 18360       -14.8830       -13.8667       -14.1150       -14.4924       -14.2642         0.0000         0.0000        71.4410       -29.1790        59.8600       176.6200 
UPC1 UPC2 06 16 077 18365       -14.9110       -13.8948       -14.1780       -14.5205       -14.2877         0.0000        -0.0000        71.4680       -29.0990        59.8180       176.6120 
UPC1 UPC2 06 16 077 18370       -14.7540       -13.9163       -14.3490       -14.5422       -14.3111         0.0000         0.0000        71.4960       -29.0190        59.7760       176.6040 
UPC1 UPC2 06 16 077 18375       -14.8260       -13.9409       -14.6060       -14.5664       -14.3346         0.0000        -0.0000        71.5230       -28.9390        59.7340       176.5960 
UPC1 UPC2 06 16 077 18380       -14.9820       -13.9620       -14.3150       -14.5876       -14.3581         0.0000        -0.0000        71.5510       -28.8580        59.6920       176.5880 
UPC1 UPC2 06 16 077 18385       -14.9590       -13.9892       -14.3090       -14.6148       -14.3816         0.0000         0.0000        71.5780       -28.7780        59.6490       176.5810 
UPC1 UPC2 06 16 077 18390       -14.8300       -14.0108       -14.7270       -14.6370       -14.4050         0.0000         0.0000        71.6060       -28.6970        59.6070       176.5730 
UPC1 UPC2 06 16 077 18395       -14.4860       -14.0377       -14.6730       -14.6636       -14.4284         0.0000         0.0000        71.6330       -28.6160        59.5650       176.5650 
UPC1 UPC2 06 16 077 18400       -14.6260       -14.0608       -14.6180       -14.6858       -14.4518         0.0000        -0.0000        71.6610       -28.5350        59.5230       176.5580 
UPC1 UPC2 06 16 077 18405       -14.8630       -14.0833       -14.5070       -14.7075       -14.4751         0.0000         0.0000        71.6880       -28.4540        59.4810       176.5500 
UPC1 UPC2 06 16 077 18410       -15.3730       -14.1069       -14.4530       -14.7316       -14.4985         0.0000        -0.0000        71.7160       -28.3730        59.4390       176.5430 
UPC1 UPC2 06 16 077 18415       -15.3340       -14.1305       -13.9990       -14.7552       -14.5220         0.0000         0.0000        71.7430       -28.2910        59.3960       176.5350 
UPC1 UPC2 06 16 077 18420       -15.3090       -14.1533       -14.3840       -14.7786       -14.5453         0.0000         0.0000        71.7700       -28.2090        59.3540       176.5280 
UPC1 UPC2 06 16 077 18425       -15.1710       -14.1759       -14.4260       -14.8014       -14.5685         0.0000        -0.0000        71.7980       -28.1270        59.3120       176.5200 
UPC1 UPC2 06 16 077 18430       -14.8150       -14.1984       -14.2020       -14.8238       -14.5918         0.0000        -0.0000        71.8250       -28.0450        59.2700       176.5130 
UPC1 UPC2 06 16 077 18435       -14.8140       -14.2243       -14.0110       -14.8492       -14.6151         0.0000         0.0000        71.8520       -27.9630        59.2280       176.5050 
UPC1 UPC2 06 16 077 18440       -15.0950       -14.2501       -13.8010       -14.8746       -14.6383         0.0000         0.0000        71.8800       -27.8800        59.1850       176.4980 
UPC1 UPC2 06 16 077 18445       -15.0880       -14.2727       -13.9180       -14.8963       -14.6616         0.0000        -0.0000        71.9070       -27.7970        59.1430       176.4910 
UPC1 UPC2 06 16 077 18450       -15.2150       -14.2954       -13.9040       -14.9188       -14.6848         0.0000         0.0000        71.9340       -27.7150        59.1010       176.4840 
UPC1 UPC2 06 16 077 18455       -15.2250       -14.3190       -13.8370       -14.9417       -14.7080         0.0000        -0.0000        71.9620       -27.6310        59.0590       176.4760 
UPC1 UPC2 06 16 077 18460       -15.0660       -14.3438       -13.9810       -14.9665       -14.7311         0.0000         0.0000        71.9890       -27.5480        59.0170       176.4690 
UPC1 UPC2 06 16 077 18465       -15.1490       -14.3664       -14.0110       -14.9887       -14.7544         0.0000         0.0000        72.0160       -27.4650        58.9750       176.4620 
UPC1 UPC2 06 16 077 18470       -15.0720       -14.3879       -14.1680       -15.0094       -14.7774         0.0000         0.0000        72.0430       -27.3810        58.9320       176.4550 
UPC1 UPC2 06 16 077 18475       -15.2680       -14.4117       -14.2380       -15.0331       -14.8007         0.0000         0.0000        72.0710       -27.2970        58.8900       176.4480 
UPC1 UPC2 06 16 077 18480       -15.2940       -14.4333       -14.1640       -15.0553       -14.8237         0.0000        -0.0000        72.0980       -27.2130        58.8480       176.4410 
UPC1 UPC2 06 16 077 18485       -15.1200       -14.4570       -14.3240       -15.0792       -14.8468         0.0000         0.0000        72.1250       -27.1290        58.8060       176.4340 
UPC1 UPC2 06 16 077 18490       -15.0350       -14.4813       -14.7220       -15.1034       -14.8699         0.0000        -0.0000        72.1520       -27.0450        58.7640       176.4270 
UPC1 UPC2 06 16 077 18495       -14.9980       -14.5040       -14.9070       -15.1263       -14.8928         0.0000         0.0000        72.1790       -26.9600        58.7220       176.4200 
UPC1 UPC2 06 16 077 18500       -14.8220       -14.5263       -14.9760       -15.1488       -14.9160         0.0000         0.0000        72.2060       -26.8750        58.6790       176.4130 
UPC1 UPC2 06 16 077 18505       -14.8460       -14.5489       -14.8020       -15.1720       -14.9389         0.0000        -0.0000        72.2330       -26.7900        58.6370       176.4060 
UPC1 UPC2 06 16 077 18510       -15.1760       -14.5715       -14.8620       -15.1956       -14.9619         0.0000        -0.0000        72.2610       -26.7050        58.5950       176.4000 
UPC1 UPC2 06 16 077 18515       -15.3330       -14.5927       -14.8420       -15.2177       -14.9849         0.0000         0.0000        72.2880       -26.6190        58.5530       176.3930 
UPC1 UPC2 06 16 077 18520       -15.2940       -14.6176       -14.8820       -15.2428       -15.0079         0.0000         0.0000        72.3150       -26.5340        58.5110       176.3860 
UPC1 UPC2 06 16 077 18525       -15.2190       -14.6401       -14.7590       -15.2653       -15.0308         0.0000        -0.0000        72.3420       -26.4480        58.4690       176.3790 
UPC1 UPC2 06 16 077 18530       -15.3170       -14.6642       -14.8150       -15.2897       -15.0538         0.0000         0.0000        72.3690       -26.3620        58.4260       176.3730 
UPC1 UPC2 06 16 077 18535       -15.5330       -14.6892       -14.8800       -15.3146       -15.0767         0.0000        -0.0000        72.3960       -26.2760        58.3840       176.3660 
UPC1 UPC2 06 16 077 18540       -15.8760       -14.7123       -14.9040       -15.3374       -15.0995         0.0000        -0.0000        72.4230       -26.1900        58.3420       176.3600 
UPC1 UPC2 06 16 077 18545       -15.7580       -14.7346       -15.1010       -15.3594       -15.1224         0.0000        -0.0000        72.4500       -26.1030        58.3000       176.3530 
UPC1 UPC2 06 16 077 18550       -15.7420       -14.7587       -14.9410       -15.3831       -15.1453         0.0000        -0.0000        72.4770       -26.0160        58.2580       176.3460 
UPC1 UPC2 06 16 077 18555       -16.0600       -14.7802       -14.9510       -15.4043       -15.1681         0.0000        -0.0000        72.5040       -25.9290        58.2160       176.3400 
UPC1 UPC2 06 16 077 18560       -15.7320       -14.8022       -15.0680       -15.4268       -15.1909         0.0000         0.0000        72.5300       -25.8420        58.1730       176.3340 
UPC1 UPC2 06 16 077 18565       -15.4840       -14.8261       -15.0480       -15.4512       -15.2137         0.0000         0.0000        72.5570       -25.7550        58.1310       176.3270 
UPC1 UPC2 06 16 077 18570       -15.1710       -14.8488       -14.7750       -15.4734       -15.2365         0.0000         0.0000        72.5840       -25.6670        58.0890       176.3210 
UPC1 UPC2 06 16 077 18575       -15.3770       -14.8723       -14.7680       -15.4971       -15.2592         0.0000        -0.0000        72.6110       -25.5790        58.0470       176.3140 
UPC1 UPC2 06 16 077 18580       -15.5070       -14.8950       -14.8260       -15.5191       -15.2819         0.0000        -0.0000        72.6380       -25.4910        58.0050       176.3080 
UPC1 UPC2 06 16 077 18585       -15.6370       -14.9176       -14.9100       -15.5421       -15.3047         0.0000         0.0000        72.6650       -25.4030        57.9630       176.3020 
UPC1 UPC2 06 16 077 18590       -15.6720       -14.9415       -15.1500       -15.5652       -15.3274         0.0000        -0.0000        72.6910       -25.3140        57.9210       176.2960 
UPC1 UPC2 06 16 077 18595       -15.6620       -14.9624       -15.1600       -15.5857       -15.3502         0.0000        -0.0000        72.7180       -25.2260        57.8780       176.2890 
UPC1 UPC2 06 16 077 18600       -15.7600       -14.9841       -14.8790       -15.6063       -15.3727         0.0000         0.0000        72.7450       -25.1370        57.8360       176.2830 
UPC1 UPC2 06 16 077 18605       -15.8460       -15.0104       -15.0500       -15.6319       -15.3953         0.0000        -0.0000        72.7720       -25.0480        57.7940       176.2770 
UPC1 UPC2 06 16 077 18610       -15.7470       -15.0315       -15.2010       -15.6527       -15.4180         0.0000         0.0000        72.7980       -24.9580        57.7520       176.2710 
UPC1 UPC2 06 16 077 18615       -15.9660       -15.0532       -15.2780       -15.6731       -15.4406         0.0000        -0.0000        72.8250       -24.8690        57.7100       176.2650 
UPC1 UPC2 06 16 077 18620       -16.0750       -15.0763       -15.1220       -15.6953       -15.4632         0.0000        -0.0000        72.8520       -24.7790        57.6680       176.2590 
UPC1 UPC2 06 16 077 18625       -15.8940       -15.1004       -15.2770       -15.7193       -15.4857         0.0000        -0.0000        72.8780       -24.6890        57.6250       176.2530 
UPC1 UPC2 06 16 077 18630       -15.8280       -15.1213       -15.1930       -15.7395       -15.5083         0.0000        -0.0000        72.9050       -24.5990        57.5830       176.2470 
UPC1 UPC2 06 16 077 18635       -15.9750       -15.1458       -15.7420       -15.7636       -15.5309         0.0000         0.0000        72.9320       -24.5090        57.5410       176.2410 
UPC1 UPC2 06 16 077 18640       -16.0140       -15.1668       -15.6850       -15.7843       -15.5534         0.0000        -0.0000        72.9580       -24.4180        57.4990       176.2350 
UPC1 UPC2 06 16 077 18645       -15.8830       -15.1920       -15.8080       -15.8097       -15.5759         0.0000         0.0000        72.9850       -24.3270        57.4570       176.2290 
UPC1 UPC2 06 16 077 18650       -15.6950       -15.2119       -15.6400       -15.8292       -15.5982         0.0000        -0.0000        73.0110       -24.2360        57.4150       176.2230 
UPC1 UPC2 06 16 077 18655       -15.7430       -15.2343       -15.7550       -15.8517       -15.6207         0.0000         0.0000        73.0380       -24.1450        57.3730       176.2170 
UPC1 UPC2 06 16 077 18660       -15.6310       -15.2552       -15.4370       -15.8729       -15.6431         0.0000         0.0000        73.0650       -24.0540        57.3310       176.2110 
UPC1 UPC2 06 16 077 18665       -15.5140       -15.2803       -15.1090       -15.8981       -15.6656         0.0000         0.0000        73.0910       -23.9620        57.2880       176.2060 
UPC1 UPC2 06 16 077 18670       -15.9130       -15.3014       -15.1750       -15.9196       -15.6879         0.0000        -0.0000        73.1170       -23.8700        57.2460       176.2000 
UPC1 UPC2 06 16 077 18675       -15.8560       -15.3232       -15.3050       -15.9418       -15.7104         0.0000        -0.0000        73.1440       -23.7780        57.2040       176.1940 
UPC1 UPC2 06 16 077 18680       -15.4220       -15.3456       -15.1490       -15.9647       -15.7327         0.0000         0.0000        73.1700       -23.6860        57.1620       176.1880 
UPC1 UPC2 06 16 077 18685       -15.8890       -15.3693       -15.2650       -15.9889       -15.7551         0.0000        -0.0000        73.1970       -23.5930        57.1200       176.1830 
UPC1 UPC2 06 16 077 18690       -15.9650       -15.3909       -15.2390       -16.0110       -15.7774         0.0000        -0.0000        73.2230       -23.5000        57.0780       176.1770 
UPC1 UPC2 06 16 077 18695       -16.1470       -15.4137       -15.3120       -16.0339       -15.7996         0.0000         0.0000        73.2490       -23.4070        57.0360       176.1720 
UPC1 UPC2 06 16 077 18700       -16.0410       -15.4376       -15.4700       -16.0573       -15.8219         0.0000         0.0000        73.2760       -23.3140        56.9930       176.1660 
UPC1 UPC2 06 16 077 18705       -15.7940       -15.4600       -15.6430       -16.0800       -15.8441         0.0000        -0.0000        73.3020       -23.2200        56.9510       176.1610 
UPC1 UPC2 06 16 077 18710       -15.6720       -15.4804       -16.0400       -16.0997       -15.8664         0.0000        -0.0000        73.3280       -23.1270        56.9090       176.1550 
UPC1 UPC2 06 16 077 18715       -15.6660       -15.5019       -16.2040       -16.1214       -15.8887         0.0000         0.0000        73.3550       -23.0330        56.8670       176.1500 
UPC1 UPC2 06 16 077 18720       -15.8180       -15.5252       -16.1830       -16.1448       -15.9108         0.0000        -0.0000        73.3810       -22.9380        56.8250       176.1440 
UPC1 UPC2 06 16 077 18725       -15.9950       -15.5475       -16.0540       -16.1676       -15.9330         0.0000         0.0000        73.4070       -22.8440        56.7830       176.1390 
UPC1 UPC2 06 16 077 18730       -16.0410       -15.5701       -16.1310       -16.1899       -15.9551         0.0000         0.0000        73.4330       -22.7490        56.7410       176.1330 
UPC1 UPC2 06 16 077 18735       -16.1970       -15.5924       -16.1700       -16.2136       -15.9773         0.0000         0.0000        73.4600       -22.6540        56.6990       176.1280 
UPC1 UPC2 06 16 077 18740       -16.3190       -15.6127       -16.2750       -16.2336       -15.9995         0.0000         0.0000        73.4860       -22.5590        56.6570       176.1230 
UPC1 UPC2 06 16 077 18745       -16.7190       -15.6354       -16.3460       -16.2566       -16.0215         0.0000         0.0000        73.5120       -22.4640        56.6140       176.1170 
UPC1 UPC2 06 16 077 18750       -16.6550       -15.6561       -16.1910       -16.2780       -16.0436         0.0000        -0.0000        73.5380       -22.3680        56.5720       176.1120 
UPC1 UPC2 06 16 077 18755       -16.3040       -15.6757       -16.3850       -16.2986       -16.0657         0.0000         0.0000        73.5640       -22.2720        56.5300       176.1070 
UPC1 UPC2 06 16 077 18760       -16.2710       -15.6994       -15.9790       -16.3217       -16.0879         0.0000        -0.0000        73.5900       -22.1760        56.4880       176.1020 
UPC1 UPC2 06 16 077 18765       -16.3430       -15.7212       -16.2020       -16.3435       -16.1099         0.0000         0.0000        73.6160       -22.0800        56.4460       176.0960 
UPC1 UPC2 06 16 077 18770       -16.0170       -15.7457       -16.4180       -16.3680       -16.1319         0.0000         0.0000        73.6420       -21.9830        56.4040       176.0910 
UPC1 UPC2 06 16 077 18775       -15.8200       -15.7686       -16.1700       -16.3899       -16.1537         0.0000         0.0000        73.6680       -21.8870        56.3620       176.0860 
UPC1 UPC2 06 16 077 18780       -15.6640       -15.7894       -15.9910       -16.4102       -16.1758         0.0000         0.0000        73.6940       -21.7900        56.3200       176.0810 
UPC1 UPC2 06 16 077 18785       -15.8980       -15.8140       -16.0360       -16.4340       -16.1977         0.0000        -0.0000        73.7200       -21.6920        56.2780       176.0760 
UPC1 UPC2 06 16 077 18790       -15.9620       -15.8362       -15.8950       -16.4551       -16.2197         0.0000         0.0000        73.7460       -21.5950        56.2360       176.0710 
UPC1 UPC2 06 16 077 18795       -16.1390       -15.8579       -15.9960       -16.4760       -16.2416         0.0000        -0.0000        73.7720       -21.4970        56.1930       176.0660 
UPC1 UPC2 06 16 077 18800       -16.1640       -15.8780       -15.9750       -16.4950       -16.2634         0.0000         0.0000        73.7980       -21.3990        56.1510       176.0610 
UPC1 UPC2 06 16 077 18805       -16.2440       -15.9006       -16.1200       -16.5165       -16.2854         0.0000         0.0000        73.8240       -21.3010        56.1090       176.0560 
UPC1 UPC2 06 16 077 18810       -16.4750       -15.9221       -15.6250       -16.5373       -16.3072         0.0000        -0.0000        73.8500       -21.2020        56.0670       176.0510 
UPC1 UPC2 06 16 077 18815       -16.4670       -15.9436       -15.9550       -16.5585       -16.3290         0.0000         0.0000        73.8750       -21.1030        56.0250       176.0460 
UPC1 UPC2 06 16 077 18820       -16.7310       -15.9658       -16.1080       -16.5808       -16.3508         0.0000         0.0000        73.9010       -21.0040        55.9830       176.0410 
UPC1 UPC2 06 16 077 18825       -16.6470       -15.9875       -16.1410       -16.6024       -16.3726         0.0000        -0.0000        73.9270       -20.9050        55.9410       176.0360 
UPC1 UPC2 06 16 077 18830       -16.6680       -16.0092       -16.1860       -16.6246       -16.3945         0.0000         0.0000        73.9530       -20.8050        55.8990       176.0310 
UPC1 UPC2 06 16 077 18835       -16.7370       -16.0334       -16.4720       -16.6490       -16.4161         0.0000        -0.0000        73.9780       -20.7060        55.8570       176.0260 
UPC1 UPC2 06 16 077 18840       -16.7010       -16.0515       -16.5030       -16.6671       -16.4378         0.0000        -0.0000        74.0040       -20.6050        55.8150       176.0220 
UPC1 UPC2 06 16 077 18845       -16.9320       -16.0755       -16.5840       -16.6911       -16.4596         0.0000         0.0000        74.0300       -20.5050        55.7730       176.0170 
UPC1 UPC2 06 16 077 18850       -17.1310       -16.0964       -16.5660       -16.7115       -16.4812         0.0000         0.0000        74.0550       -20.4050        55.7310       176.0120 
UPC1 UPC2 06 16 077 18855       -17.2190       -16.1167       -16.5880       -16.7328       -16.5029         0.0000        -0.0000        74.0810       -20.3040        55.6880       176.0070 
UPC1 UPC2 06 16 077 18860       -17.0900       -16.1367       -16.3270       -16.7528       -16.5245         0.0000         0.0000        74.1060       -20.2030        55.6460       176.0030 
UPC1 UPC2 06 16 077 18865       -17.2750       -16.1607       -16.2940       -16.7775       -16.5461         0.0000         0.0000        74.1320       -20.1010        55.6040       175.9980 
UPC1 UPC2 06 16 077 18870       -17.2770       -16.1818       -16.6240       -16.7990       -16.5678         0.0000         0.0000        74.1570       -20.0000        55.5620       175.9930 
UPC1 UPC2 06 16 077 18875       -16.9390       -16.2035       -16.7320       -16.8205       -16.5893         0.0000        -0.0000        74.1830       -19.8980        55.5200       175.9890 
UPC1 UPC2 06 16 077 18880       -16.7620       -16.2250       -16.6510       -16.8424       -16.6109         0.0000        -0.0000        74.2080       -19.7960        55.4780       175.9840 
UPC1 UPC2 06 16 077 18885       -16.9050       -16.2449       -16.5060       -16.8623       -16.6324         0.0000        -0.0000        74.2340       -19.6930        55.4360       175.9800 
UPC1 UPC2 06 16 077 18890       -16.6000       -16.2676       -16.8250       -16.8852       -16.6540         0.0000        -0.0000        74.2590       -19.5910        55.3940       175.9750 
UPC1 UPC2 06 16 077 18895       -16.9580       -16.2872       -16.7300       -16.9050       -16.6756         0.0000         0.0000        74.2850       -19.4880        55.3520       175.9710 
UPC1 UPC2 06 16 077 18900       -17.0760       -16.3093       -16.7010       -16.9272       -16.6971         0.0000        -0.0000        74.3100       -19.3840        55.3100       175.9660 
UPC1 UPC2 06 16 077 18905       -17.1950       -16.3300       -17.0240       -16.9480       -16.7184         0.0000         0.0000        74.3350       -19.2810        55.2680       175.9620 
UPC1 UPC2 06 16 077 18910       -17.0560       -16.3525       -17.2200       -16.9698       -16.7398         0.0000        -0.0000        74.3610       -19.1770        55.2260       175.9570 
UPC1 UPC2 06 16 077 18915       -16.8020       -16.3753       -17.3640       -16.9915       -16.7613         0.0000        -0.0000        74.3860       -19.0730        55.1840       175.9530 
UPC1 UPC2 06 16 077 18920       -16.4130       -16.3987       -17.2010       -17.0144       -16.7828         0.0000        -0.0000        74.4110       -18.9690        55.1420       175.9480 
UPC1 UPC2 06 16 077 18925       -16.2760       -16.4155       -17.1140       -17.0300       -16.8041         0.0000        -0.0000        74.4360       -18.8640        55.1000       175.9440 
UPC1 UPC2 06 16 077 18930       -16.5270       -16.4392       -17.1360       -17.0527       -16.8255         0.0000         0.0000        74.4610       -18.7590        55.0580       175.9400 
UPC1 UPC2 06 16 077 18935       -16.6300       -16.4594       -16.9830       -17.0737       -16.8468         0.0000        -0.0000        74.4870       -18.6540        55.0160       175.9350 
UPC1 UPC2 06 16 077 18940       -16.7950       -16.4810       -17.0940       -17.0950       -16.8681         0.0000         0.0000        74.5120       -18.5490        54.9740       175.9310 
UPC1 UPC2 06 16 077 18945       -16.9650       -16.5013       -17.2500       -17.1165       -16.8894         0.0000        -0.0000        74.5370       -18.4430        54.9320       175.9270 
UPC1 UPC2 06 16 077 18950       -17.2440       -16.5224       -17.1700       -17.1375       -16.9107         0.0000        -0.0000        74.5620       -18.3370        54.8900       175.9220 
UPC1 UPC2 06 16 077 18955       -17.2420       -16.5430       -17.0130       -17.1589       -16.9321         0.0000        -0.0000        74.5870       -18.2310        54.8470       175.9180 
UPC1 UPC2 06 16 077 18960       -17.0830       -16.5642       -17.2690       -17.1814       -16.9532         0.0000        -0.0000        74.6120       -18.1240        54.8050       175.9140 
UPC1 UPC2 06 16 077 18965       -16.9520       -16.5878       -17.1710       -17.2044       -16.9744         0.0000         0.0000        74.6370       -18.0180        54.7630       175.9100 
UPC1 UPC2 06 16 077 18970       -17.1340       -16.6063       -17.3660       -17.2239       -16.9957         0.0000        -0.0000        74.6620       -17.9110        54.7210       175.9060 
UPC1 UPC2 06 16 077 18975       -17.1280       -16.6273       -17.2760       -17.2449       -17.0169         0.0000         0.0000        74.6870       -17.8030        54.6790       175.9020 
UPC1 UPC2 06 16 077 18980       -17.1950       -16.6487       -17.2220       -17.2659       -17.0381         0.0000        -0.0000        74.7120       -17.6960        54.6370       175.8970 
UPC1 UPC2 06 16 077 18985       -17.0140       -16.6707       -17.1380       -17.2881       -17.0592         0.0000        -0.0000        74.7370       -17.5880        54.5950       175.8930 
UPC1 UPC2 06 16 077 18990       -17.0400       -16.6920       -17.3450       -17.3096       -17.0801         0.0000        -0.0000        74.7610       -17.4790        54.5530       175.8890 
UPC1 UPC2 06 16 077 18995       -16.9670       -16.7133       -17.2220       -17.3314       -17.1014         0.0000        -0.0000        74.7860       -17.3710        54.5110       175.8850 
UPC1 UPC2 06 16 077 19000       -17.0820       -16.7349       -17.1720       -17.3527       -17.1224         0.0000         0.0000        74.8110       -17.2620        54.4690       175.8810 
UPC1 UPC2 06 16 077 19005       -17.0170       -16.7549       -17.3570       -17.3724       -17.1434         0.0000        -0.0000        74.8360       -17.1530        54.4270       175.8770 
UPC1 UPC2 06 16 077 19010       -17.1290       -16.7778       -17.3770       -17.3947       -17.1645         0.0000         0.0000        74.8600       -17.0440        54.3850       175.8730 
UPC1 UPC2 06 16 077 19015       -17.2280       -16.7986       -17.2590       -17.4146       -17.1855         0.0000        -0.0000        74.8850       -16.9340        54.3430       175.8690 
UPC1 UPC2 06 16 077 19020       -16.9460       -16.8203       -17.1530       -17.4356       -17.2065         0.0000        -0.0000        74.9100       -16.8240        54.3010       175.8650 
UPC1 UPC2 06 16 077 19025       -16.7940       -16.8411       -17.1990       -17.4552       -17.2274         0.0000        -0.0000        74.9340       -16.7140        54.2590       175.8610 
UPC1 UPC2 06 16 077 19030       -17.3130       -16.8623       -17.4900       -17.4759       -17.2485         0.0000        -0.0000        74.9590       -16.6030        54.2170       175.8570 
UPC1 UPC2 06 16 077 19035       -17.6050       -16.8817       -17.4970       -17.4959       -17.2693         0.0000         0.0000        74.9830       -16.4920        54.1750       175.8540 
UPC1 UPC2 06 16 077 19040       -17.4640       -16.9033       -17.5360       -17.5177       -17.2904         0.0000        -0.0000        75.0080       -16.3810        54.1330       175.8500 
UPC1 UPC2 06 16 077 19045       -17.3280       -16.9256       -17.1270       -17.5404       -17.3111         0.0000         0.0000        75.0320       -16.2700        54.0910       175.8460 
UPC1 UPC2 06 16 077 19050       -17.2000       -16.9430       -16.9850       -17.5577       -17.3320         0.0000        -0.0000        75.0570       -16.1580        54.0490       175.8420 
UPC1 UPC2 06 16 077 19055       -16.8880       -16.9666       -17.1600       -17.5811       -17.3528         0.0000        -0.0000        75.0810       -16.0460        54.0070       175.8380 
UPC1 UPC2 06 16 077 19060       -17.1420       -16.9850       -17.6050       -17.6010       -17.3737         0.0000        -0.0000        75.1050       -15.9330        53.9650       175.8350 
UPC1 UPC2 06 16 077 19065       -17.2680       -17.0076       -17.7130       -17.6237       -17.3944         0.0000         0.0000        75.1300       -15.8210        53.9230       175.8310 
UPC1 UPC2 06 16 077 19070       -17.1820       -17.0278       -17.7680       -17.6440       -17.4153         0.0000         0.0000        75.1540       -15.7080        53.8810       175.8270 
UPC1 UPC2 06 16 077 19075       -17.2170       -17.0468       -17.5940       -17.6637       -17.4360         0.0000        -0.0000        75.1780       -15.5940        53.8400       175.8230 
UPC1 UPC2 06 16 077 19080       -16.8910       -17.0709       -17.5470       -17.6875       -17.4567         0.0000         0.0000        75.2030       -15.4810        53.7980       175.8200 
UPC1 UPC2 06 16 077 19085       -16.7640       -17.0899       -17.5730       -17.7061       -17.4774         0.0000         0.0000        75.2270       -15.3670        53.7560       175.8160 
UPC1 UPC2 06 16 077 19090       -16.9490       -17.1122       -17.6520       -17.7287       -17.4982         0.0000         0.0000        75.2510       -15.2530        53.7140       175.8120 
UPC1 UPC2 06 16 077 19095       -17.2310       -17.1306       -17.7140       -17.7471       -17.5189         0.0000         0.0000        75.2750       -15.1380        53.6720       175.8090 
UPC1 UPC2 06 16 077 19100       -17.3550       -17.1552       -17.7720       -17.7707       -17.5396         0.0000         0.0000        75.2990       -15.0230        53.6300       175.8050 
UPC1 UPC2 06 16 077 19105       -17.1580       -17.1722       -18.0650       -17.7875       -17.5601         0.0000        -0.0000        75.3230       -14.9080        53.5880       175.8010 
UPC1 UPC2 06 16 077 19110       -17.2460       -17.1960       -18.0340       -17.8109       -17.5808         0.0000         0.0000        75.3470       -14.7930        53.5460       175.7980 
UPC1 UPC2 06 16 077 19115       -17.0190       -17.2159       -18.0170       -17.8305       -17.6014         0.0000        -0.0000        75.3710       -14.6770        53.5040       175.7940 
UPC1 UPC2 06 16 077 19120       -17.1480       -17.2358       -18.2810       -17.8496       -17.6219         0.0000         0.0000        75.3950       -14.5610        53.4620       175.7910 
UPC1 UPC2 06 16 077 19125       -17.2590       -17.2590       -18.0720       -17.8721       -17.6426         0.0000         0.0000        75.4190       -14.4440        53.4200       175.7870 
UPC1 UPC2 06 16 077 19130       -17.4890       -17.2780       -17.9700       -17.8908       -17.6630         0.0000         0.0000        75.4430       -14.3280        53.3780       175.7840 
UPC1 UPC2 06 16 077 19135       -17.7940       -17.2957       -17.7860       -17.9082       -17.6835         0.0000        -0.0000        75.4670       -14.2110        53.3360       175.7800 
UPC1 UPC2 06 16 077 19140       -17.4720       -17.3177       -17.5490       -17.9304       -17.7040         0.0000         0.0000        75.4910       -14.0930        53.2940       175.7770 
UPC1 UPC2 06 16 077 19145       -17.6400       -17.3387       -17.3580       -17.9517       -17.7244         0.0000        -0.0000        75.5140       -13.9760        53.2520       175.7730 
UPC1 UPC2 06 16 077 19150       -17.6940       -17.3584       -17.1570       -17.9722       -17.7450         0.0000         0.0000        75.5380       -13.8580        53.2100       175.7700 
UPC1 UPC2 06 16 077 19155       -17.8710       -17.3805       -17.0910       -17.9944       -17.7653         0.0000         0.0000        75.5620       -13.7390        53.1680       175.7670 
UPC1 UPC2 06 16 077 19160       -17.6610       -17.4017       -16.8830       -18.0158       -17.7857         0.0000         0.0000        75.5850       -13.6210        53.1260       175.7630 
UPC1 UPC2 06 16 077 19165       -17.3760       -17.4210       -16.8170       -18.0352       -17.8061         0.0000         0.0000        75.6090       -13.5020        53.0850       175.7600 
UPC1 UPC2 06 16 077 19170       -17.3670       -17.4421       -16.7480       -18.0569       -17.8265         0.0000         0.0000        75.6330       -13.3820        53.0430       175.7570 
UPC1 UPC2 06 16 077 19175       -17.4410       -17.4600       -16.7710       -18.0747       -17.8468         0.0000        -0.0000        75.6560       -13.2630        53.0010       175.7530 
UPC1 UPC2 06 16 077 19180       -17.6100       -17.4802       -16.6840       -18.0952       -17.8671         0.0000         0.0000        75.6800       -13.1430        52.9590       175.7500 
UPC1 UPC2 06 16 077 19185       -17.5920       -17.5026       -16.9920       -18.1185       -17.8874         0.0000         0.0000        75.7030       -13.0220        52.9170       175.7470 
UPC1 UPC2 06 16 077 19190       -17.7010       -17.5229       -17.2660       -18.1396       -17.9077         0.0000         0.0000        75.7270       -12.9020        52.8750       175.7430 
UPC1 UPC2 06 16 077 19195       -18.0230       -17.5410       -17.3200       -18.1585       -17.9279         0.0000         0.0000        75.7500       -12.7810        52.8330       175.7400 
UPC1 UPC2 06 16 077 19200       -18.2010       -17.5624       -17.3970       -18.1805       -17.9481         0.0000         0.0000        75.7730       -12.6590        52.7910       175.7370 
UPC1 UPC2 06 16 077 19205       -18.0060       -17.5825       -17.4720       -18.2008       -17.9684         0.0000        -0.0000        75.7970       -12.5380        52.7490       175.7340 
UPC1 UPC2 06 16 077 19210       -17.7440       -17.6027       -17.5150       -18.2218       -17.9886         0.0000         0.0000        75.8200       -12.4160        52.7070       175.7310 
UPC1 UPC2 06 16 077 19215       -17.4700       -17.6243       -17.9130       -18.2436       -18.0088         0.0000        -0.0000        75.8430       -12.2940        52.6650       175.7270 
UPC1 UPC2 06 16 077 19220       -17.3070       -17.6421       -17.9660       -18.2606       -18.0288         0.0000         0.0000        75.8660       -12.1710        52.6240       175.7240 
UPC1 UPC2 06 16 077 19225       -17.6090       -17.6624       -18.4810       -18.2811       -18.0489         0.0000         0.0000        75.8890       -12.0480        52.5820       175.7210 
UPC1 UPC2 06 16 077 19230       -17.7760       -17.6823       -18.5340       -18.3009       -18.0690         0.0000         0.0000        75.9130       -11.9250        52.5400       175.7180 
UPC1 UPC2 06 16 077 19235       -17.7250       -17.7006       -18.8240       -18.3192       -18.0892         0.0000        -0.0000        75.9360       -11.8010        52.4980       175.7150 
UPC1 UPC2 06 16 077 19240       -17.8050       -17.7223       -18.5590       -18.3407       -18.1092         0.0000         0.0000        75.9590       -11.6770        52.4560       175.7120 
UPC1 UPC2 06 16 077 19245       -17.9540       -17.7451       -18.7610       -18.3630       -18.1293         0.0000        -0.0000        75.9820       -11.5520        52.4140       175.7090 
UPC1 UPC2 06 16 077 19250       -18.3060       -17.7628       -18.7990       -18.3805       -18.1492         0.0000         0.0000        76.0050       -11.4280        52.3720       175.7060 
UPC1 UPC2 06 16 077 19255       -18.4000       -17.7797       -18.4030       -18.3968       -18.1693         0.0000         0.0000        76.0270       -11.3030        52.3300       175.7030 
UPC1 UPC2 06 16 077 19260       -18.4900       -17.8018       -18.2340       -18.4200       -18.1892         0.0000         0.0000        76.0500       -11.1770        52.2890       175.7000 
UPC1 UPC2 06 16 077 19265       -18.6080       -17.8205       -18.2830       -18.4393       -18.2091         0.0000         0.0000        76.0730       -11.0510        52.2470       175.6970 
UPC1 UPC2 06 16 077 19270       -18.7170       -17.8370       -18.0690       -18.4568       -18.2291         0.0000        -0.0000        76.0960       -10.9250        52.2050       175.6940 
UPC1 UPC2 06 16 077 19275       -18.7910       -17.8602       -18.0610       -18.4806       -18.2491         0.0000         0.0000        76.1190       -10.7990        52.1630       175.6910 
UPC1 UPC2 06 16 077 19280       -19.1110       -17.8804       -18.1050       -18.5016       -18.2687         0.0000        -0.0000        76.1410       -10.6720        52.1210       175.6880 
UPC1 UPC2 06 16 077 19285       -19.0680       -17.8967       -18.1450       -18.5182       -18.2887         0.0000        -0.0000        76.1640       -10.5450        52.0790       175.6850 
UPC1 UPC2 06 16 077 19290       -19.0220       -17.9202       -18.3870       -18.5422       -18.3085         0.0000         0.0000        76.1870       -10.4170        52.0370       175.6820 
UPC1 UPC2 06 16 077 19295       -19.2570       -17.9392       -18.3130       -18.5611       -18.3285         0.0000        -0.0000        76.2090       -10.2890        51.9960       175.6790 
UPC1 UPC2 06 16 077 19300       -19.1260       -17.9607       -17.9000       -18.5832       -18.3482         0.0000        -0.0000        76.2320       -10.1610        51.9540       175.6760 
UPC1 UPC2 06 16 077 19305       -18.9150       -17.9778       -17.6900       -18.6005       -18.3679         0.0000         0.0000        76.2540       -10.0330        51.9120       175.6730 
UPC1 UPC2 06 16 077 19310       -18.7960       -17.9976       -18.1170       -18.6198       -18.3877         0.0000        -0.0000        76.2760        -9.9040        51.8700       175.6700 
UPC1 UPC2 06 16 077 19315       -18.7640       -18.0195       -18.2580       -18.6423       -18.4074         0.0000         0.0000        76.2990        -9.7740        51.8280       175.6680 
UPC1 UPC2 06 16 077 19320       -19.2120       -18.0382       -18.3630       -18.6604       -18.4271         0.0000         0.0000        76.3210        -9.6450        51.7860       175.6650 
UPC1 UPC2 06 16 077 19325       -19.1250       -18.0558       -18.2200       -18.6776       -18.4468         0.0000         0.0000        76.3430        -9.5150        51.7450       175.6620 
UPC1 UPC2 06 16 077 19330       -19.0680       -18.0753       -18.4280       -18.6972       -18.4664         0.0000         0.0000        76.3660        -9.3840        51.7030       175.6590 
UPC1 UPC2 06 16 077 19335       -19.3610       -18.0970       -18.5450       -18.7194       -18.4861         0.0000        -0.0000        76.3880        -9.2530        51.6610       175.6560 
UPC1 UPC2 06 16 077 19340       -19.1810       -18.1150       -18.6180       -18.7375       -18.5056         0.0000         0.0000        76.4100        -9.1220        51.6190       175.6540 
UPC1 UPC2 06 16 077 19345       -18.8660       -18.1360       -18.5120       -18.7582       -18.5252         0.0000        -0.0000        76.4320        -8.9910        51.5770       175.6510 
UPC1 UPC2 06 16 077 19350       -18.8470       -18.1528       -18.6530       -18.7756       -18.5448         0.0000        -0.0000        76.4540        -8.8590        51.5350       175.6480 
UPC1 UPC2 06 16 077 19355       -18.9480       -18.1736       -19.0480       -18.7966       -18.5644         0.0000        -0.0000        76.4760        -8.7270        51.4940       175.6450 
UPC1 UPC2 06 16 077 19360       -18.9130       -18.1941       -19.3630       -18.8163       -18.5838         0.0000        -0.0000        76.4980        -8.5940        51.4520       175.6430 
UPC1 UPC2 06 16 077 19365       -18.8310       -18.2117       -19.4120       -18.8335       -18.6034         0.0000         0.0000        76.5200        -8.4610        51.4100       175.6400 
UPC1 UPC2 06 16 077 19370       -18.6830       -18.2311       -19.0950       -18.8526       -18.6230         0.0000        -0.0000        76.5420        -8.3280        51.3680       175.6370 
UPC1 UPC2 06 16 077 19375       -18.6130       -18.2509       -18.7650       -18.8726       -18.6423         0.0000         0.0000        76.5640        -8.1940        51.3260       175.6350 
UPC1 UPC2 06 16 077 19380       -18.7580       -18.2718       -19.0590       -18.8933       -18.6619         0.0000        -0.0000        76.5850        -8.0600        51.2850       175.6320 
UPC1 UPC2 06 16 077 19385       -18.9470       -18.2910       -19.1560       -18.9126       -18.6812         0.0000        -0.0000        76.6070        -7.9260        51.2430       175.6300 
UPC1 UPC2 06 16 077 19390       -18.8320       -18.3110       -19.1160       -18.9327       -18.7005         0.0000        -0.0000        76.6290        -7.7910        51.2010       175.6270 
UPC1 UPC2 06 16 077 19395       -18.8270       -18.3281       -19.0870       -18.9504       -18.7199         0.0000        -0.0000        76.6500        -7.6550        51.1590       175.6240 
UPC1 UPC2 06 16 077 19400       -19.0280       -18.3504       -18.8010       -18.9734       -18.7393         0.0000         0.0000        76.6720        -7.5200        51.1180       175.6220 
UPC1 UPC2 06 16 077 19405       -18.9920       -18.3675       -18.8020       -18.9907       -18.7586         0.0000        -0.0000        76.6940        -7.3840        51.0760       175.6190 
UPC1 UPC2 06 16 077 19410       -18.8730       -18.3857       -18.9190       -19.0089       -18.7779         0.0000        -0.0000        76.7150        -7.2480        51.0340       175.6170 
UPC1 UPC2 06 16 077 19415       -18.9030       -18.4067       -19.3680       -19.0303       -18.7971         0.0000        -0.0000        76.7360        -7.1110        50.9920       175.6140 
UPC1 UPC2 06 16 077 19420       -18.6530       -18.4271       -19.4420       -19.0504       -18.8164         0.0000        -0.0000        76.7580        -6.9740        50.9500       175.6120 
UPC1 UPC2 06 16 077 19425       -18.3180       -18.4448       -19.2330       -19.0680       -18.8356         0.0000        -0.0000        76.7790        -6.8360        50.9090       175.6090 
UPC1 UPC2 06 16 077 19430       -18.5470       -18.4636       -19.3210       -19.0867       -18.8550         0.0000        -0.0000        76.8000        -6.6980        50.8670       175.6070 
UPC1 UPC2 06 16 077 19435       -18.4840       -18.4841       -19.3800       -19.1070       -18.8741         0.0000        -0.0000        76.8220        -6.5600        50.8250       175.6040 
UPC1 UPC2 06 16 077 19440       -18.1760       -18.5043       -19.4080       -19.1278       -18.8932         0.0000         0.0000        76.8430        -6.4210        50.7830       175.6020 
UPC1 UPC2 06 16 077 19445       -18.2570       -18.5237       -19.4270       -19.1468       -18.9124         0.0000        -0.0000        76.8640        -6.2820        50.7420       175.5990 
UPC1 UPC2 06 16 077 19450       -18.2690       -18.5410       -19.0230       -19.1635       -18.9316         0.0000        -0.0000        76.8850        -6.1430        50.7000       175.5970 
UPC1 UPC2 06 16 077 19455       -18.3180       -18.5573       -18.9800       -19.1793       -18.9506         0.0000         0.0000        76.9060        -6.0030        50.6580       175.5950 
UPC1 UPC2 06 16 077 19460       -18.5600       -18.5809       -19.0860       -19.2032       -18.9696         0.0000         0.0000        76.9270        -5.8630        50.6160       175.5920 
UPC1 UPC2 06 16 077 19465       -18.9470       -18.5982       -19.4570       -19.2207       -18.9888         0.0000        -0.0000        76.9480        -5.7220        50.5750       175.5900 
UPC1 UPC2 06 16 077 19470       -19.1400       -18.6181       -19.6890       -19.2403       -19.0077         0.0000        -0.0000        76.9690        -5.5810        50.5330       175.5870 
UPC1 UPC2 06 16 077 19475       -18.9630       -18.6330       -19.7780       -19.2557       -19.0268         0.0000         0.0000        76.9890        -5.4400        50.4910       175.5850 
UPC1 UPC2 06 16 077 19480       -19.1440       -18.6527       -19.5830       -19.2758       -19.0458         0.0000         0.0000        77.0100        -5.2980        50.4500       175.5830 
UPC1 UPC2 06 16 077 19485       -19.0710       -18.6708       -19.4750       -19.2943       -19.0648         0.0000         0.0000        77.0310        -5.1560        50.4080       175.5800 
UPC1 UPC2 06 16 077 19490       -19.2530       -18.6899       -19.4840       -19.3139       -19.0837         0.0000        -0.0000        77.0510        -5.0130        50.3660       175.5780 
UPC1 UPC2 06 16 077 19495       -19.2280       -18.7101       -19.3790       -19.3337       -19.1026         0.0000         0.0000        77.0720        -4.8700        50.3240       175.5760 
UPC1 UPC2 06 16 077 19500       -18.9940       -18.7305       -19.3920       -19.3546       -19.1214         0.0000        -0.0000        77.0920        -4.7270        50.2830       175.5730 
UPC1 UPC2 06 16 077 19505       -19.0950       -18.7485       -19.4240       -19.3724       -19.1403         0.0000        -0.0000        77.1130        -4.5830        50.2410       175.5710 
UPC1 UPC2 06 16 077 19510       -19.0350       -18.7679       -19.4970       -19.3910       -19.1593         0.0000         0.0000        77.1330        -4.4390        50.1990       175.5690 
UPC1 UPC2 06 16 077 19515       -19.1050       -18.7888       -19.6530       -19.4109       -19.1780         0.0000        -0.0000        77.1540        -4.2940        50.1580       175.5670 
UPC1 UPC2 06 16 077 19520       -19.0030       -18.8079       -19.8260       -19.4293       -19.1968         0.0000        -0.0000        77.1740        -4.1490        50.1160       175.5640 
UPC1 UPC2 06 16 077 19525       -18.7660       -18.8264       -19.9960       -19.4472       -19.2156         0.0000         0.0000        77.1940        -4.0040        50.0740       175.5620 
UPC1 UPC2 06 16 077 19530       -18.9610       -18.8482       -20.0330       -19.4679       -19.2344         0.0000        -0.0000        77.2140        -3.8580        50.0320       175.5600 
UPC1 UPC2 06 16 077 19535       -19.1150       -18.8648       -20.0730       -19.4842       -19.2530         0.0000        -0.0000        77.2340        -3.7120        49.9910       175.5580 
UPC1 UPC2 06 16 077 19540       -19.0900       -18.8830       -20.2370       -19.5021       -19.2718         0.0000        -0.0000        77.2550        -3.5650        49.9490       175.5560 
UPC1 UPC2 06 16 077 19545       -18.9630       -18.9003       -20.4070       -19.5193       -19.2905         0.0000        -0.0000        77.2750        -3.4180        49.9070       175.5540 
UPC1 UPC2 06 16 077 19550       -19.2510       -18.9200       -20.5320       -19.5392       -19.3091         0.0000        -0.0000        77.2940        -3.2710        49.8660       175.5510 
UPC1 UPC2 06 16 077 19555       -19.4920       -18.9368       -20.6450       -19.5559       -19.3279         0.0000         0.0000        77.3140        -3.1230        49.8240       175.5490 
UPC1 UPC2 06 16 077 19560       -19.7270       -18.9543       -20.4550       -19.5739       -19.3464         0.0000        -0.0000        77.3340        -2.9750        49.7820       175.5470 
UPC1 UPC2 06 16 077 19565       -19.6380       -18.9744       -20.3850       -19.5956       -19.3651         0.0000        -0.0000        77.3540        -2.8260        49.7410       175.5450 
UPC1 UPC2 06 16 077 19570       -19.4460       -18.9943       -20.3110       -19.6156       -19.3836         0.0000        -0.0000        77.3740        -2.6770        49.6990       175.5430 
UPC1 UPC2 06 16 077 19575       -19.2750       -19.0117       -20.1510       -19.6322       -19.4021         0.0000        -0.0000        77.3930        -2.5280        49.6570       175.5410 
UPC1 UPC2 06 16 077 19580       -19.1300       -19.0322       -20.0390       -19.6522       -19.4207         0.0000        -0.0000        77.4130        -2.3780        49.6160       175.5390 
UPC1 UPC2 06 16 077 19585       -18.9290       -19.0501       -19.7380       -19.6692       -19.4393         0.0000         0.0000        77.4320        -2.2270        49.5740       175.5370 
UPC1 UPC2 06 16 077 19590       -18.8320       -19.0682       -19.5310       -19.6867       -19.4578         0.0000        -0.0000        77.4520        -2.0770        49.5330       175.5350 
UPC1 UPC2 06 16 077 19595       -18.9490       -19.0858       -19.3050       -19.7036       -19.4761         0.0000        -0.0000        77.4710        -1.9260        49.4910       175.5330 
UPC1 UPC2 06 16 077 19600       -19.1780       -19.1059       -19.1640       -19.7228       -19.4946         0.0000        -0.0000        77.4910        -1.7740        49.4490       175.5310 
UPC1 UPC2 06 16 077 19605       -18.9870       -19.1212       -19.3770       -19.7380       -19.5129         0.0000        -0.0000        77.5100        -1.6220        49.4080       175.5280 
UPC1 UPC2 06 16 077 19610       -18.9920       -19.1407       -19.5140       -19.7573       -19.5314         0.0000        -0.0000        77.5290        -1.4700        49.3660       175.5260 
UPC1 UPC2 06 16 077 19615       -19.0210       -19.1616       -19.5920       -19.7779       -19.5497         0.0000         0.0000        77.5480        -1.3170        49.3240       175.5240 
UPC1 UPC2 06 16 077 19620       -19.2990       -19.1798       -19.8510       -19.7950       -19.5681         0.0000        -0.0000        77.5670        -1.1640        49.2830       175.5230 
UPC1 UPC2 06 16 077 19625       -19.4570       -19.1971       -19.6100       -19.8120       -19.5863         0.0000        -0.0000        77.5860        -1.0100        49.2410       175.5210 
UPC1 UPC2 06 16 077 19630       -19.5770       -19.2146       -19.7050       -19.8296       -19.6047         0.0000        -0.0000        77.6050        -0.8560        49.2000       175.5190 
UPC1 UPC2 06 16 077 19635       -19.8900       -19.2347       -19.5910       -19.8491       -19.6230         0.0000        -0.0000        77.6240        -0.7020        49.1580       175.5170 
UPC1 UPC2 06 16 077 19640       -20.0710       -19.2535       -19.7330       -19.8682       -19.6412         0.0000        -0.0000        77.6430        -0.5470        49.1160       175.5150 
UPC1 UPC2 06 16 077 19645       -20.1980       -19.2704       -19.7830       -19.8840       -19.6595         0.0000         0.0000        77.6620        -0.3920        49.0750       175.5130 
UPC1 UPC2 06 16 077 19650       -23.0580       -22.0733       -22.6690       -22.6873       -22.4626         0.0000        -0.0000        77.6810        -0.2360        49.0330       175.5110 
UPC1 UPC2 06 16 077 19655       -23.1860       -22.0899       -22.7900       -22.7045       -22.4813         0.0000        -0.0000        77.6990        -0.0800        48.9920       175.5090 
UPC1 UPC2 06 16 077 19660       -23.2580       -22.1104       -22.9190       -22.7255       -22.4999         0.0000        -0.0000        77.7180         0.0770        48.9500       175.5070 
UPC1 UPC2 06 16 077 19665       -23.1010       -22.1304       -23.1840       -22.7446       -22.5184         0.0000        -0.0000        77.7360         0.2340        48.9080       175.5050 
UPC1 UPC2 06 16 077 19670       -22.9740       -22.1477       -23.0540       -22.7613       -22.5372         0.0000         0.0000        77.7550         0.3910        48.8670       175.5030 
UPC1 UPC2 06 16 077 19675       -22.8500       -22.1669       -23.0190       -22.7805       -22.5556         0.0000        -0.0000        77.7730         0.5490        48.8250       175.5010 
UPC1 UPC2 06 16 077 19680       -22.7880       -22.1844       -22.8550       -22.7980       -22.5742         0.0000         0.0000        77.7910         0.7070        48.7840       175.5000 
UPC1 UPC2 06 16 077 19685       -22.6110       -22.2061       -22.6420       -22.8197       -22.5927         0.0000        -0.0000        77.8100         0.8660        48.7420       175.4980 
UPC1 UPC2 06 16 077 19690       -22.6380       -22.2233       -22.7080       -22.8366       -22.6112         0.0000        -0.0000        77.8280         1.0250        48.7010       175.4960 
UPC1 UPC2 06 16 077 19695       -22.8470       -22.2400       -22.4530       -22.8541       -22.6296         0.0000         0.0000        77.8460         1.1840        48.6590       175.4940 
UPC1 UPC2 06 16 077 19700       -23.0500       -22.2600       -22.2830       -22.8739       -22.6481         0.0000        -0.0000        77.8640         1.3440        48.6170       175.4920 
UPC1 UPC2 06 16 077 19705       -23.0740       -22.2782       -22.1940       -22.8920       -22.6665         0.0000        -0.0000        77.8820         1.5040        48.5760       175.4910 
UPC1 UPC2 06 16 077 19710       -23.2740       -22.2985       -22.3690       -22.9125       -22.6849         0.0000        -0.0000        77.9000         1.6650        48.5340       175.4890 
UPC1 UPC2 06 16 077 19715       -23.3390       -22.3172       -22.4520       -22.9316       -22.7032         0.0000        -0.0000        77.9180         1.8260        48.4930       175.4870 
UPC1 UPC2 06 16 077 19720       -23.4070       -22.3335       -22.7730       -22.9475       -22.7215         0.0000        -0.0000        77.9350         1.9880        48.4510       175.4850 
UPC1 UPC2 06 16 077 19725       -23.3930       -22.3553       -22.6510       -22.9695       -22.7399         0.0000        -0.0000        77.9530         2.1500        48.4100       175.4830 
UPC1 UPC2 06 16 077 19730       -23.4010       -22.3706       -22.7710       -22.9850       -22.7581         0.0000        -0.0000        77.9710         2.3130        48.3680       175.4820 
UPC1 UPC2 06 16 077 19735       -23.1880       -22.3901       -22.8840       -23.0053       -22.7765         0.0000        -0.0000        77.9880         2.4750        48.3270       175.4800 
UPC1 UPC2 06 16 077 19740       -23.1520       -22.4071       -23.0980       -23.0234       -22.7947         0.0000         0.0000        78.0060         2.6390        48.2850       175.4780 
UPC1 UPC2 06 16 077 19745       -23.0370       -22.4228       -23.0900       -23.0400       -22.8129         0.0000         0.0000        78.0230         2.8030        48.2440       175.4770 
UPC1 UPC2 06 16 077 19750       -22.7020       -22.4406       -22.9970       -23.0589       -22.8310         0.0000         0.0000        78.0410         2.9670        48.2020       175.4750 
UPC1 UPC2 06 16 077 19755       -22.7680       -22.4576       -23.2740       -23.0762       -22.8492         0.0000        -0.0000        78.0580         3.1310        48.1610       175.4730 
UPC1 UPC2 06 16 077 19760       -22.5980       -22.4772       -23.3450       -23.0967       -22.8672         0.0000        -0.0000        78.0750         3.2960        48.1190       175.4720 
UPC1 UPC2 06 16 077 19765       -22.6170       -22.4967       -23.4910       -23.1162       -22.8854         0.0000        -0.0000        78.0920         3.4620        48.0770       175.4700 
UPC1 UPC2 06 16 077 19770       -22.9450       -22.5134       -23.7080       -23.1326       -22.9034         0.0000         0.0000        78.1090         3.6280        48.0360       175.4680 
UPC1 UPC2 06 16 077 19775       -23.2870       -22.5323       -23.3660       -23.1514       -22.9214         0.0000         0.0000        78.1260         3.7940        47.9940       175.4670 
UPC1 UPC2 06 16 077 19780       -23.4500       -22.5515       -23.3300       -23.1705       -22.9396         0.0000         0.0000        78.1430         3.9610        47.9530       175.4650 
UPC1 UPC2 06 16 077 19785       -23.5260       -22.5673       -23.2580       -23.1859       -22.9576         0.0000        -0.0000        78.1600         4.1280        47.9120       175.4630 
UPC1 UPC2 06 16 077 19790       -23.4720       -22.5861       -23.2550       -23.2046       -22.9756         0.0000        -0.0000        78.1770         4.2960        47.8700       175.4620 
UPC1 UPC2 06 16 077 19795       -23.2440       -22.6047       -23.1870       -23.2222       -22.9934         0.0000        -0.0000        78.1930         4.4640        47.8290       175.4600 
UPC1 UPC2 06 16 077 19800       -23.3060       -22.6213       -22.9990       -23.2388       -23.0113         0.0000        -0.0000        78.2100         4.6320        47.7870       175.4590 
UPC1 UPC2 06 16 077 19805       -23.2250       -22.6390       -22.8690       -23.2559       -23.0292         0.0000        -0.0000        78.2260         4.8010        47.7460       175.4570 
UPC1 UPC2 06 16 077 19810       -23.4940       -22.6547       -22.8340       -23.2727       -23.0470         0.0000        -0.0000        78.2430         4.9700        47.7040       175.4550 
UPC1 UPC2 06 16 077 19815       -23.5880       -22.6749       -22.9060       -23.2932       -23.0649         0.0000        -0.0000        78.2590         5.1400        47.6630       175.4540 
UPC1 UPC2 06 16 077 19820       -23.4330       -22.6919       -22.8660       -23.3111       -23.0828         0.0000        -0.0000        78.2760         5.3100        47.6210       175.4520 
UPC1 UPC2 06 16 077 19825       -23.5730       -22.7105       -22.8580       -23.3306       -23.1005         0.0000         0.0000        78.2920         5.4810        47.5800       175.4510 
UPC1 UPC2 06 16 077 19830       -23.6430       -22.7270       -23.1310       -23.3485       -23.1182         0.0000         0.0000        78.3080         5.6520        47.5380       175.4490 
UPC1 UPC2 06 16 077 19835       -23.4680       -22.7420       -23.2920       -23.3655       -23.1360         0.0000         0.0000        78.3240         5.8230        47.4970       175.4480 
UPC1 UPC2 06 16 077 19840       -23.2480       -22.7588       -23.0260       -23.3824       -23.1538         0.0000        -0.0000        78.3400         5.9950        47.4550       175.4460 
UPC1 UPC2 06 16 077 19845       -22.9420       -22.7746       -22.7140       -23.3995       -23.1714         0.0000        -0.0000        78.3560         6.1680        47.4140       175.4450 
UPC1 UPC2 06 16 077 19850       -23.1270       -22.7963       -22.9430       -23.4219       -23.1890         0.0000        -0.0000        78.3720         6.3400        47.3730       175.4430 
UPC1 UPC2 06 16 077 19855       -22.8980       -22.8135       -22.9450       -23.4398       -23.2067         0.0000         0.0000        78.3880         6.5140        47.3310       175.4420 
UPC1 UPC2 06 16 077 19860       -23.0880       -22.8320       -23.0880       -23.4582       -23.2242         0.0000         0.0000        78.4030         6.6870        47.2900       175.4400 
UPC1 UPC2 06 16 077 19865       -23.1070       -22.8490       -23.0620       -23.4747       -23.2418         0.0000        -0.0000        78.4190         6.8610        47.2480       175.4390 
UPC1 UPC2 06 16 077 19870       -22.8810       -22.8689       -23.1060       -23.4940       -23.2594         0.0000        -0.0000        78.4340         7.0360        47.2070       175.4370 
UPC1 UPC2 06 16 077 19875       -23.0290       -22.8844       -23.1020       -23.5089       -23.2768         0.0000         0.0000        78.4500         7.2100        47.1650       175.4360 
UPC1 UPC2 06 16 077 19880       -23.1940       -22.9029       -23.0670       -23.5270       -23.2944         0.0000        -0.0000        78.4650         7.3860        47.1240       175.4340 
UPC1 UPC2 06 16 077 19885       -23.2960       -22.9199       -23.0620       -23.5429       -23.3119         0.0000        -0.0000        78.4800         7.5620        47.0830       175.4330 
UPC1 UPC2 06 16 077 19890       -23.5490       -22.9367       -23.1190       -23.5595       -23.3293         0.0000        -0.0000        78.4960         7.7380        47.0410       175.4310 
UPC1 UPC2 06 16 077 19895       -23.4410       -22.9529       -23.4210       -23.5763       -23.3466         0.0000         0.0000        78.5110         7.9140        47.0000       175.4300 
UPC1 UPC2 06 16 077 19900       -23.2670       -22.9687       -23.4190       -23.5930       -23.3640         0.0000        -0.0000        78.5260         8.0910        46.9580       175.4290 
