03 18000 -0.668441 -1 -0.0290733 -0
07 18000 0.376786 0 -0.304656 -0
16 18000 -0.673696 -1 0.0831251 0
18 18000 -0.940126 -1 0.653126 1
19 18000 -0.288501 -0 -1.045 -1
21 18000 0.0425658 0 0.1425 0
22 18000 -0.0331067 -0 -0.124073 -0
24 18000 0.404112 0 -0.0589656 -0
03 18005 -0.252242 -0 0.398427 0
07 18005 0.120866 0 -0.727242 -1
16 18005 -0.71521 -1 -0.599074 -1
18 18005 -1.67793 -2 1.5413 2
19 18005 -0.389398 -0 -1.33246 -1
21 18005 -0.49082 -0 -0.197371 -0
22 18005 -0.473479 -0 -1.02289 -1
24 18005 1.35107 1 -1.17317 -1
03 18010 1.16504 1 0.718234 1
07 18010 -0.140835 -0 -0.689979 -1
16 18010 0.14609 0 -0.725195 -1
18 18010 -0.774592 -1 1.09127 1
19 18010 1.81929 2 -0.961467 -1
21 18010 1.24334 1 -0.135129 -0
22 18010 1.14612 1 -0.82388 -1
24 18010 2.22078 2 -2.18377 -2
03 18015 0.166059 0 0.41972 0
07 18015 -0.972182 -1 0.185905 0
16 18015 -0.635334 -1 -0.421358 -0
18 18015 -1.63642 -2 1.52123 2
19 18015 2.36582 2 0.366488 0
21 18015 1.69895 2 0.20597 0
22 18015 0.966401 1 0.337824 0
24 18015 2.9197 3 -0.893493 -1
03 18020 1.46405 1 0.582285 1
07 18020 -0.80875 -1 0.397199 0
16 18020 0.671594 1 -0.22153 -0
18 18020 -1.45722 -1 1.99091 2
19 18020 4.19772 4 0.394332 0
21 18020 2.61858 3 0.305884 0
22 18020 3.40369 3 1.28414 1
24 18020 5.51726 6 -0.200237 -0
03 18025 2.46409 2 0.929118 1
07 18025 0.509738 1 -0.527414 -1
16 18025 3.08733 3 0.185086 0
18 18025 -1.00108 -1 2.33078 2
19 18025 6.4989 6 0.167069 0
21 18025 4.68329 5 0.28541 0
22 18025 5.14731 5 0.585561 1
24 18025 7.00969 7 -0.408255 -0
03 18030 3.42418 3 0.393104 0
07 18030 1.50872 2 0.359526 0
16 18030 4.79837 5 0.646165 1
18 18030 -1.90548 -2 2.25298 2
19 18030 8.26302 8 -0.274354 -0
21 18030 5.24347 5 0.31694 0
22 18030 5.78947 6 1.0491 1
24 18030 7.12215 7 -0.384914 -0
03 18035 3.85825 4 -1.1314 -1
07 18035 1.38207 1 0.421768 0
16 18035 4.76632 5 -0.533966 -1
18 18035 -3.06999 -3 1.92539 2
19 18035 8.68868 9 -0.735022 -1
21 18035 5.21405 5 0.0360345 0
22 18035 5.61973 6 0.789484 1
24 18035 7.21727 7 0.91151 1
03 18040 5.00279 5 -2.42332 -2
07 18040 2.03265 2 0.27763 0
16 18040 4.98808 5 -1.32058 -1
18 18040 -3.05843 -3 1.63793 2
19 18040 10.0849 10 -1.33492 -1
21 18040 5.01541 5 -0.873837 -1
22 18040 5.08004 5 -0.122436 -0
24 18040 6.4989 6 1.50976 2
03 18045 4.86196 5 -1.78535 -2
07 18045 1.56915 2 0.741574 1
16 18045 6.0044 6 -1.82384 -2
18 18045 -2.42205 -2 1.71246 2
19 18045 9.9935 10 -0.219074 -0
21 18045 5.45841 5 -0.835755 -1
22 18045 5.35225 5 0.633061 1
24 18045 6.25559 6 2.92576 3
03 18050 5.74796 6 -2.16002 -2
07 18050 2.86294 3 1.20716 1
16 18050 7.02651 7 -0.670734 -1
18 18050 -1.11407 -1 2.30457 2
19 18050 10.4759 10 0.920109 1
21 18050 6.34283 6 -0.542565 -1
22 18050 6.55408 7 1.34843 1
24 18050 7.03281 7 4.0633 4
03 18055 6.2866 6 -1.26448 -1
07 18055 2.07732 2 1.87216 2
16 18055 7.10533 7 -0.28541 -0
18 18055 -0.103524 -0 2.67188 3
19 18055 10.9525 11 1.51918 2
21 18055 6.63238 7 0.0200647 0
22 18055 6.23247 6 1.82711 2
24 18055 5.89352 6 5.07514 5
03 18060 7.016 7 -1.36726 -1
07 18060 3.56554 4 1.67642 2
16 18060 8.12481 8 -0.441832 -0
18 18060 1.01002 1 2.67884 3
19 18060 10.8774 11 1.89468 2
21 18060 8.43433 8 -0.730518 -1
22 18060 6.22196 6 2.09041 2
24 18060 6.1363 6 5.02354 5
03 18065 6.87359 7 -0.387781 -0
07 18065 3.42155 3 1.89959 2
16 18065 7.11847 7 1.09127 1
18 18065 1.92177 2 4.37246 4
19 18065 9.39443 9 2.99168 3
21 18065 8.0071 8 0.321854 0
22 18065 4.61707 5 3.18005 3
24 18065 5.09791 5 5.27087 5
03 18070 7.14054 7 1.5802 2
07 18070 4.03797 4 4.33233 4
16 18070 6.913 7 1.28496 1
18 18070 2.31011 2 4.92404 5
19 18070 8.72546 9 3.8471 4
21 18070 7.29084 7 0.933622 1
22 18070 2.895 3 3.87166 4
24 18070 4.80258 5 6.24421 6
03 18075 6.01544 6 1.96183 2
07 18075 2.52557 3 3.69927 4
16 18075 4.79627 5 1.79272 2
18 18075 3.38897 3 5.05384 5
19 18075 7.97399 8 3.70378 4
21 18075 8.28036 8 1.07489 1
22 18075 1.38365 1 2.79022 3
24 18075 5.31126 5 5.28315 5
03 18080 6.35334 6 0.807911 1
07 18080 3.05948 3 1.33 1
16 18080 4.55191 5 0.917652 1
18 18080 4.04585 4 3.60427 4
19 18080 7.17575 7 3.1174 3
21 18080 9.26042 9 0.353794 0
22 18080 1.84767 2 1.4938 1
24 18080 5.22351 5 3.46095 3
03 18085 5.24663 5 0.0417673 0
07 18085 1.77515 2 0.802178 1
16 18085 4.96548 5 0.457393 0
18 18085 4.28811 4 4.58335 5
19 18085 7.31869 7 3.7824 4
21 18085 9.37866 9 0.904139 1
22 18085 1.75991 2 2.16985 2
24 18085 4.52459 5 3.12681 3
03 18090 4.42369 4 -0.300561 -0
07 18090 2.59809 3 0.485238 0
16 18090 3.59444 4 0.551983 1
18 18090 3.65908 4 4.27009 4
19 18090 5.54406 6 3.99738 4
21 18090 9.54209 10 0.167479 0
22 18090 0.213354 0 1.51427 2
24 18090 3.22081 3 1.53392 2
03 18095 3.3443 3 0.474182 0
07 18095 0.0662134 0 1.7489 2
16 18095 2.9775 3 1.1527 1
18 18095 1.55549 2 5.11322 5
19 18095 4.75265 5 5.57757 6
21 18095 9.01817 9 0.995454 1
22 18095 -0.363123 -0 2.70259 3
24 18095 1.44513 1 1.59084 2
03 18100 2.67166 3 0.943449 1
07 18100 -2.33744 -2 1.08472 1
16 18100 2.68637 3 0.734613 1
18 18100 0.588038 1 4.16526 4
19 18100 3.96387 4 5.64514 6
21 18100 8.56991 9 0.222349 0
22 18100 -0.765659 -1 2.5822 3
24 18100 -0.753047 -1 3.00069 3
03 18105 2.35741 2 1.48069 1
07 18105 -3.84038 -4 1.88977 2
16 18105 3.15985 3 0.992997 1
18 18105 -0.840806 -1 4.20826 4
19 18105 3.37321 3 5.4535 5
21 18105 8.18524 8 -0.77638 -1
22 18105 -1.27119 -1 1.86847 2
24 18105 -2.13985 -2 1.11502 1
03 18110 3.12359 3 0.37222 0
07 18110 -4.0695 -4 -0.035625 -0
16 18110 3.38424 3 -0.465173 -0
18 18110 -0.74096 -1 3.74841 4
19 18110 3.43784 3 5.55423 6
21 18110 8.08119 8 -2.4008 -2
22 18110 -0.854469 -1 1.63834 2
24 18110 -2.30276 -2 1.23869 1
03 18115 2.18925 2 -0.392285 -0
07 18115 -6.19201 -6 -1.16826 -1
16 18115 1.12878 1 -1.18627 -1
18 18115 -2.11042 -2 2.57852 3
19 18115 2.36161 2 4.40809 4
21 18115 5.27185 5 -3.91261 -4
22 18115 -2.42362 -2 -0.656811 -1
24 18115 -4.05163 -4 0.582285 1
03 18120 2.40155 2 0.429548 0
07 18120 -4.59395 -5 -0.189181 -0
16 18120 0.942228 1 -0.698169 -1
18 18120 -2.54134 -3 3.10061 3
19 18120 2.68743 3 3.82089 4
21 18120 4.94604 5 -4.10466 -4
22 18120 -2.5345 -3 -0.86401 -1
24 18120 -4.64808 -5 0.473363 0
03 18125 2.75889 3 0.0896768 0
07 18125 -2.96226 -3 0.995863 1
16 18125 1.18711 1 -0.0507759 -0
18 18125 -1.90075 -2 3.12804 3
19 18125 4.53562 5 3.41878 3
21 18125 6.41955 6 -4.1108 -4
22 18125 -1.94541 -2 -1.33573 -1
24 18125 -2.43781 -2 1.09946 1
03 18130 4.44261 4 0.430367 0
07 18130 -1.94016 -2 0.986445 1
16 18130 3.45413 3 0.482781 0
18 18130 -0.816633 -1 3.27873 3
19 18130 5.30548 5 3.88968 4
21 18130 7.40907 7 -4.36345 -4
22 18130 -1.00108 -1 -0.709225 -1
24 18130 -0.318981 -0 1.72474 2
03 18135 3.61546 4 0.327996 0
07 18135 -1.11722 -1 2.93108 3
16 18135 2.37948 2 0.626509 1
18 18135 -0.739383 -1 2.93763 3
19 18135 4.74162 5 3.15834 3
21 18135 6.96923 7 -4.97358 -5
22 18135 -0.13558 -0 -1.24073 -1
24 18135 0.728873 1 1.68011 2
03 18140 3.42155 3 0.289914 0
07 18140 -1.89654 -2 3.25171 3
16 18140 2.11358 2 0.635109 1
18 18140 -0.719414 -1 3.02199 3
19 18140 5.24137 5 3.2685 3
21 18140 6.57983 7 -5.30076 -5
22 18140 0.277466 0 -1.03722 -1
24 18140 1.18291 1 0.821833 1
03 18145 3.46412 3 0.0995044 0
07 18145 -0.992676 -1 3.81679 4
16 18145 3.72372 4 0.343556 0
18 18145 -0.820837 -1 2.57237 3
19 18145 4.56557 5 2.50399 3
21 18145 5.92137 6 -5.90598 -6
22 18145 0.833449 1 0.3411 0
24 18145 2.00322 2 1.28946 1
03 18150 1.6916 2 -0.902911 -1
07 18150 -2.27648 -2 2.99168 3
16 18150 3.16616 3 0.155194 0
18 18150 -1.48665 -1 1.59043 2
19 18150 2.90446 3 1.33328 1
21 18150 4.7001 5 -5.16358 -5
22 18150 0.749894 1 0.898406 1
24 18150 0.353138 0 0.995044 1
03 18155 2.63225 3 -1.74153 -2
07 18155 -1.50767 -2 2.98431 3
16 18155 4.26446 4 -0.0327587 -0
18 18155 0.642165 1 0.988083 1
19 18155 3.69534 4 0.23013 0
21 18155 5.76372 6 -5.43589 -5
22 18155 2.36319 2 0.287867 0
24 18155 0.505009 1 0.813234 1
03 18160 1.95014 2 -0.69735 -1
07 18160 -2.41469 -2 3.53097 4
16 18160 4.26604 4 0.900044 1
18 18160 0.865504 1 2.25421 2
19 18160 2.09886 2 0.216617 0
21 18160 5.10001 5 -4.57188 -5
22 18160 2.35058 2 1.29888 1
24 18160 -0.617467 -1 1.10642 1
03 18165 3.13883 3 0.422587 0
07 18165 -0.443525 -0 3.30003 3
16 18165 5.16517 5 1.29397 1
18 18165 2.44569 2 3.0097 3
19 18165 2.48511 2 0.0475001 0
21 18165 5.05377 5 -4.30695 -4
22 18165 2.5613 3 2.13996 2
24 18165 -0.0341577 -0 1.96102 2
03 18170 4.65333 5 0.454526 0
07 18170 0.0320557 0 1.94996 2
16 18170 5.63813 6 1.45571 1
18 18170 4.06582 4 3.36554 3
19 18170 2.79673 3 0.0417673 0
21 18170 4.91451 5 -4.79914 -5
22 18170 4.29231 4 1.80664 2
24 18170 1.41466 1 1.52819 2
03 18175 5.26975 5 -0.435281 -0
07 18175 -0.665813 -1 1.19815 1
16 18175 6.11108 6 1.49461 1
18 18175 2.45568 2 3.16612 3
19 18175 1.75676 2 -1.01224 -1
21 18175 4.18616 4 -5.72662 -6
22 18175 3.78836 4 1.44179 1
24 18175 0.68841 1 1.07694 1
03 18180 5.90351 6 -0.726014 -1
07 18180 0.18235 0 1.13591 1
16 18180 5.57139 6 2.12563 2
18 18180 2.54186 3 3.13091 3
19 18180 1.14928 1 -0.292371 -0
21 18180 4.83253 5 -5.42893 -5
22 18180 3.52981 4 1.66946 2
24 18180 1.04575 1 1.10356 1
03 18185 6.66023 7 0.548298 1
07 18185 0.653726 1 2.8885 3
16 18185 5.72168 6 3.45809 3
18 18185 2.22235 2 5.19184 5
19 18185 1.08516 1 1.33655 1
21 18185 5.34122 5 -3.93677 -4
22 18185 2.76573 3 3.39462 3
24 18185 -0.217033 -0 2.53511 3
03 18190 5.83204 6 -1.01675 -1
07 18190 2.42415 2 2.40899 2
16 18190 6.01649 6 2.38606 2
18 18190 1.97957 2 4.7197 5
19 18190 2.21079 2 0.741574 1
21 18190 7.16366 7 -4.63904 -5
22 18190 3.24919 3 2.08222 2
24 18190 -0.112458 -0 0.162565 0
03 18195 5.1657 5 -0.188772 -0
07 18195 4.1499 4 4.70742 5
16 18195 4.70641 5 1.98681 2
18 18195 0.748317 1 6.31423 6
19 18195 1.7988 2 1.79149 2
21 18195 7.60141 8 -4.16772 -4
22 18195 3.57395 4 3.13337 3
24 18195 0.811377 1 0.208427 0
03 18200 4.64125 5 0.812824 1
07 18200 4.31018 4 4.74182 5
16 18200 3.8614 4 2.89341 3
18 18200 0.133478 0 7.54637 8
19 18200 1.8214 2 3.11453 3
21 18200 6.9871 7 -2.24724 -2
22 18200 2.41469 2 3.77011 4
24 18200 1.78093 2 -0.842717 -1
03 18205 4.19825 4 1.3992 1
07 18205 4.03744 4 5.34662 5
16 18205 3.28808 3 2.2583 2
18 18205 -0.379939 -0 7.82113 8
19 18205 1.49401 1 4.17304 4
21 18205 6.52833 7 -1.7358 -2
22 18205 2.70372 3 5.0522 5
24 18205 2.87398 3 -1.05688 -1
03 18210 4.4878 4 1.3427 1
07 18210 5.09003 5 4.77089 5
16 18210 3.85982 4 2.51627 3
18 18210 0.528657 1 8.40423 8
19 18210 2.90288 3 5.57675 6
21 18210 6.79634 7 -1.0102 -1
22 18210 3.0227 3 5.47889 5
24 18210 4.00749 4 0.234224 0
03 18215 5.82783 6 -1.11093 -1
07 18215 6.52781 7 4.14807 4
16 18215 4.60026 5 0.701854 1
18 18215 1.85503 2 6.4035 6
19 18215 4.6917 5 3.91138 4
21 18215 7.42694 7 -2.40612 -2
22 18215 5.50307 6 3.74718 4
24 18215 5.87093 6 -1.77102 -2
03 18220 7.83473 8 -1.3169 -1
07 18220 8.4007 8 2.8672 3
16 18220 6.62397 7 0.635518 1
18 18220 3.07209 3 6.00466 6
19 18220 7.2304 7 4.29957 4
21 18220 8.63034 9 -2.04414 -2
22 18220 6.79896 7 3.07235 3
24 18220 5.75426 6 -1.88772 -2
03 18225 7.10008 7 -2.07035 -2
07 18225 7.43009 7 2.18214 2
16 18225 7.0675 7 -1.12608 -1
18 18225 2.82038 3 4.67139 5
19 18225 8.29612 8 3.0744 3
21 18225 7.98135 8 -2.3791 -2
22 18225 5.88827 6 1.39265 1
24 18225 5.87355 6 -2.91634 -3
03 18230 7.25931 7 -1.8738 -2
07 18230 6.06273 6 2.86679 3
16 18230 8.01813 8 0.294418 0
18 18230 2.4541 2 4.85647 5
19 18230 8.17211 8 3.16531 3
21 18230 7.12951 7 -1.44138 -1
22 18230 4.50619 5 1.21739 1
24 18230 7.35652 7 -2.74559 -3
03 18235 5.07374 5 -2.19196 -2
07 18235 1.61855 2 1.14942 1
16 18235 6.67652 7 0.422587 0
18 18235 0.394128 0 4.18697 4
19 18235 6.22091 6 2.29433 2
21 18235 5.43266 5 -2.03308 -2
22 18235 3.03583 3 -0.409074 -0
24 18235 6.5483 7 -3.82335 -4
03 18240 3.17299 3 -2.89955 -3
07 18240 -0.073045 -0 1.40494 1
16 18240 6.27819 6 0.113427 0
18 18240 -0.25014 -0 4.05225 4
19 18240 5.54406 6 1.20429 1
21 18240 4.22295 4 -2.85246 -3
22 18240 3.87244 4 -0.902501 -1
24 18240 5.64916 6 -3.96257 -4
03 18245 2.8992 3 -3.28242 -3
07 18245 -0.807699 -1 0.940174 1
16 18245 5.93346 6 -0.321444 -0
18 18245 -0.37048 -0 3.09897 3
19 18245 3.87874 4 1.16007 1
21 18245 4.36378 4 -3.04819 -3
22 18245 4.25553 4 -0.81651 -1
24 18245 4.79627 5 -2.82748 -3
03 18250 4.11207 4 -4.05429 -4
07 18250 -1.27487 -1 -0.122436 -0
16 18250 6.24771 6 -1.02043 -1
18 18250 0.549151 1 2.92658 3
19 18250 3.884 4 0.701035 1
21 18250 4.55244 5 -3.55882 -4
22 18250 4.27129 4 -0.696122 -1
24 18250 4.70168 5 -3.28487 -3
03 18255 5.17831 5 -5.54604 -6
07 18255 -1.18711 -1 -2.39998 -2
16 18255 6.13946 6 -2.29352 -2
18 18255 1.68949 2 1.60272 2
19 18255 2.70634 3 -0.970066 -1
21 18255 6.42954 6 -5.03009 -5
22 18255 5.33649 5 -1.12444 -1
24 18255 4.54613 5 -4.95229 -5
03 18260 4.34591 4 -4.54813 -5
07 18260 -4.3538 -4 -1.93399 -2
16 18260 7.60088 8 -1.87461 -2
18 18260 1.58912 2 1.81278 2
19 18260 1.6732 2 -0.0585561 -0
21 18260 6.08008 6 -3.75169 -4
22 18260 4.24975 4 -0.652716 -1
24 18260 4.69905 5 -4.25371 -4
03 18265 4.87877 5 -5.60255 -6
07 18265 -2.7116 -3 -3.38847 -3
16 18265 7.2798 7 -2.30826 -2
18 18265 3.1257 3 0.905368 1
19 18265 2.72158 3 -0.45207 -0
21 18265 7.47108 7 -3.71156 -4
22 18265 4.4836 4 -0.534376 -1
24 18265 5.28026 5 -4.52766 -5
03 18270 4.57608 5 -4.40686 -4
07 18270 -4.03271 -4 -2.83813 -3
16 18270 7.62243 8 -0.932393 -1
18 18270 3.40894 3 0.349289 0
19 18270 2.96647 3 -0.413578 -0
21 18270 8.36969 8 -3.11207 -3
22 18270 3.5482 4 -0.244462 -0
24 18270 5.2172 5 -3.6186 -4
03 18275 3.08103 3 -3.5797 -4
07 18275 -5.1615 -5 -1.30994 -1
16 18275 6.57563 7 0.560992 1
18 18275 2.96174 3 1.49093 1
19 18275 3.13883 3 -0.608083 -1
21 18275 8.4501 8 -2.9274 -3
22 18275 2.17769 2 0.97498 1
24 18275 4.7001 5 -2.67229 -3
03 18280 1.29326 1 -3.50722 -4
07 18280 -4.56715 -5 -0.677695 -1
16 18280 5.47575 5 -0.160927 -0
18 18280 1.76306 2 0.664182 1
19 18280 2.60019 3 -1.5716 -2
21 18280 8.39965 8 -3.02281 -3
22 18280 0.489769 0 0.509807 1
24 18280 3.40001 3 -2.59653 -3
03 18285 2.7426 3 -2.82748 -3
07 18285 -3.71531 -4 0.661725 1
16 18285 5.87671 6 -0.307931 -0
18 18285 1.62591 2 1.02657 1
19 18285 3.01271 3 -1.31526 -1
21 18285 8.50633 9 -2.72634 -3
22 18285 2.215 2 0.809958 1
24 18285 3.17036 3 -3.08218 -3
03 18290 3.34325 3 -1.43606 -1
07 18290 -4.04428 -4 1.71942 2
16 18290 6.39223 6 0.0114655 0
18 18290 0.638487 1 1.16621 1
19 18290 1.77936 2 -1.14778 -1
21 18290 8.72388 9 -2.50235 -3
22 18290 1.19867 1 0.129806 0
24 18290 1.80826 2 -3.25867 -3
03 18295 3.48356 3 -0.500798 -1
07 18295 -4.8751 -5 0.916424 1
16 18295 7.35337 7 0.0176078 0
18 18295 0.00420403 0 1.32632 1
19 18295 0.980064 1 -1.58224 -2
21 18295 10.1506 10 -2.14405 -2
22 18295 0.865504 1 0.995044 1
24 18295 1.51976 2 -3.66488 -4
03 18300 2.99747 3 -0.36485 -0
07 18300 -6.0044 -6 2.48024 2
16 18300 5.22508 5 0.213341 0
18 18300 -1.9286 -2 1.6064 2
19 18300 -0.624298 -1 -1.39675 -1
21 18300 9.63406 10 -2.37377 -2
22 18300 -0.190232 -0 0.717005 1
24 18300 0.194962 0 -4.24675 -4
03 18305 3.11046 3 -0.503255 -1
07 18305 -6.27083 -6 2.83403 3
16 18305 5.23769 5 1.10601 1
18 18305 -1.80458 -2 2.54248 3
19 18305 -1.01948 -1 -1.01716 -1
21 18305 11.0992 11 -1.8955 -2
22 18305 1.20025 1 0.614634 1
24 18305 1.05363 1 -3.51541 -4
03 18310 3.40001 3 -0.785389 -1
07 18310 -5.24978 -5 0.941402 1
16 18310 5.10789 5 0.9586 1
18 18310 -0.984268 -1 2.68826 3
19 18310 -0.795612 -1 -0.952049 -1
21 18310 12.435 12 -1.5802 -2
22 18310 1.50925 2 -0.294009 -0
24 18310 0.961146 1 -3.54408 -4
03 18315 3.42313 3 -0.804225 -1
07 18315 -5.2976 -5 0.086401 0
16 18315 5.1925 5 0.809139 1
18 18315 -1.18396 -1 3.41059 3
19 18315 -0.441423 -0 -0.959829 -1
21 18315 12.7508 13 -0.819786 -1
22 18315 2.28962 2 -0.926251 -1
24 18315 -0.107728 -0 -4.68817 -5
03 18320 3.53664 4 -1.31485 -1
07 18320 -5.23296 -5 -0.210474 -0
16 18320 3.53138 4 -0.0196552 -0
18 18320 0.479259 0 3.09569 3
19 18320 0.963774 1 -1.02903 -1
21 18320 14.5023 15 -1.20511 -1
22 18320 3.68273 4 -2.44789 -2
24 18320 1.00371 1 -5.12919 -5
03 18325 5.06638 5 -1.30257 -1
07 18325 -6.05117 -6 0.3886 0
16 18325 3.23342 3 -1.09537 -1
18 18325 1.21286 1 3.59158 4
19 18325 2.71423 3 -1.65186 -2
21 18325 14.4771 14 -1.13181 -1
22 18325 4.42474 4 -2.2538 -2
24 18325 2.63803 3 -4.9007 -5
03 18330 4.05426 4 -0.883665 -1
07 18330 -5.84518 -6 0.658859 1
16 18330 3.50143 4 -1.85373 -2
18 18330 0.689986 1 4.17304 4
19 18330 2.83404 3 -1.5892 -2
21 18330 13.4392 13 -0.835346 -1
22 18330 5.05745 5 -1.80418 -2
24 18330 2.09203 2 -4.26968 -4
03 18335 3.71636 4 -0.508988 -1
07 18335 -5.95553 -6 -0.728061 -1
16 18335 2.3963 2 -2.50645 -3
18 18335 0.46402 0 4.4216 4
19 18335 4.29179 4 -2.13095 -2
21 18335 11.9615 12 -0.662953 -1
22 18335 4.54245 5 -1.68461 -2
24 18335 2.52662 3 -2.93067 -3
03 18340 2.93809 3 0.247737 0
07 18340 -6.61504 -7 0.85623 1
16 18340 2.44201 2 -0.678923 -1
18 18340 -0.297961 -0 5.60869 6
19 18340 4.08106 4 -1.77798 -2
21 18340 10.7844 11 0.573277 1
22 18340 3.55503 4 -0.11916 -0
24 18340 2.13827 2 -1.943 -2
03 18345 4.0427 4 -0.074526 -0
07 18345 -6.73643 -7 1.62483 2
16 18345 2.90709 3 -0.704311 -1
18 18345 -0.291654 -0 5.65128 6
19 18345 4.66857 5 -1.82097 -2
21 18345 10.4675 10 0.329634 0
22 18345 3.63648 4 0.530281 1
24 18345 3.39528 3 -0.0241595 -0
03 18350 2.76835 3 -0.0544613 -0
07 18350 -7.38753 -7 1.43688 1
16 18350 3.86771 4 -1.25384 -1
18 18350 -0.934345 -1 6.12014 6
19 18350 3.46622 3 -2.42987 -2
21 18350 10.2389 10 1.03517 1
22 18350 2.87398 3 0.786617 1
24 18350 3.01429 3 1.30584 1
03 18355 3.66539 4 -0.487695 -0
07 18355 -5.64181 -6 2.29106 2
16 18355 5.28657 5 -2.12358 -2
18 18355 0.11456 0 5.69468 6
19 18355 4.65333 5 -3.8819 -4
21 18355 10.8044 11 0.884074 1
22 18355 4.50304 5 -0.173211 -0
24 18355 4.35537 4 1.59698 2
03 18360 4.17775 4 -0.680561 -1
07 18360 -4.15884 -4 2.34634 2
16 18360 5.34069 5 -1.54539 -2
18 18360 0.0993202 0 5.69427 6
19 18360 5.66545 6 -4.37082 -4
21 18360 9.91625 10 1.69076 2
22 18360 4.69853 5 -0.45207 -0
24 18360 4.08001 4 2.37664 2
03 18365 2.54239 3 -0.750583 -1
07 18365 -3.37321 -3 2.29638 2
16 18365 5.34017 5 -1.40248 -1
18 18365 -1.30903 -1 5.32287 5
19 18365 4.71955 5 -4.12227 -4
21 18365 8.41541 8 1.6711 2
22 18365 3.32801 3 -0.694484 -1
24 18365 2.37895 2 2.40735 2
03 18370 2.01478 2 -0.155194 -0
07 18370 -2.75522 -3 2.64895 3
16 18370 4.40214 4 -0.791122 -1
18 18370 -2.86189 -3 5.18406 5
19 18370 3.69376 4 -3.15138 -3
21 18370 7.44166 7 2.1891 2
22 18370 2.95753 3 -0.7686 -1
24 18370 2.20974 2 2.09164 2
03 18375 1.60384 2 -0.352565 -0
07 18375 -2.49562 -2 3.2599 3
16 18375 4.65123 5 0.162155 0
18 18375 -3.90081 -4 5.47233 5
19 18375 3.77364 4 -2.05847 -2
21 18375 6.44425 6 3.08955 3
22 18375 2.56183 3 0.130625 0
24 18375 2.69688 3 3.48429 3
03 18380 1.90548 2 -1.00733 -1
07 18380 -1.35843 -1 1.81237 2
16 18380 5.36014 5 -1.11625 -1
18 18380 -3.68431 -4 4.75901 5
19 18380 4.63021 5 -1.67561 -2
21 18380 6.501 7 2.133 2
22 18380 2.67534 3 -0.714958 -1
24 18380 2.07994 2 3.60837 4
03 18385 1.00266 1 -1.29397 -1
07 18385 -0.884948 -1 1.65841 2
16 18385 5.09633 5 -1.2522 -1
18 18385 -2.77098 -3 3.53261 4
19 18385 4.01853 4 -1.59576 -2
21 18385 6.19621 6 1.51468 2
22 18385 2.04053 2 -1.62237 -2
24 18385 0.398857 0 3.1735 3
03 18390 0.95011 1 -1.00774 -1
07 18390 0.28745 0 0.92748 1
16 18390 4.30493 4 0.368535 0
18 18390 -2.43361 -2 3.61451 4
19 18390 4.05636 4 -0.936079 -1
21 18390 4.5619 5 2.10065 2
22 18390 2.10517 2 -0.404569 -0
24 18390 -0.0126121 -0 4.38557 4
03 18395 0.812954 1 -0.80054 -1
07 18395 -0.484514 -0 -0.778018 -1
16 18395 2.35583 2 0.0384914 0
18 18395 -1.55024 -2 2.56459 3
19 18395 3.73843 4 -1.61828 -2
21 18395 4.59343 5 1.53433 2
22 18395 2.39997 2 -0.0303018 -0
24 18395 0.9128 1 4.14192 4
03 18400 -0.187079 -0 -0.831251 -1
07 18400 0.645318 1 -1.17153 -1
16 18400 2.97015 3 -0.27763 -0
18 18400 -1.07413 -1 3.43229 3
19 18400 3.26443 3 -0.977027 -1
21 18400 4.2571 4 2.11662 2
22 18400 2.52399 3 0.852135 1
24 18400 2.3448 2 4.94492 5
03 18405 1.85923 2 -2.12727 -2
07 18405 1.875 2 -0.452889 -0
16 18405 4.09735 4 -0.821014 -1
18 18405 0.107203 0 2.62643 3
19 18405 5.18357 5 -1.15679 -1
21 18405 5.67596 6 0.93526 1
22 18405 3.03005 3 1.35948 1
24 18405 3.57185 4 5.53744 6
03 18410 3.47463 3 -1.02944 -1
07 18410 2.70739 3 -1.80214 -2
16 18410 6.6534 7 -1.14082 -1
18 18410 1.63799 2 2.23168 2
19 18410 6.87201 7 -1.67356 -2
21 18410 6.72329 7 0.913148 1
22 18410 4.09052 4 0.413988 0
24 18410 3.61914 4 5.63326 6
03 18415 5.13942 5 -2.54903 -3
07 18415 3.04897 3 -2.41595 -2
16 18415 6.32444 6 -3.09651 -3
18 18415 2.27228 2 1.68871 2
19 18415 7.47792 7 -1.92703 -2
21 18415 6.69544 7 -0.0724785 -0
22 18415 3.93812 4 -0.242824 -0
24 18415 3.37846 3 4.90684 5
03 18420 5.76215 6 -1.2436 -1
07 18420 3.06947 3 -0.802178 -1
16 18420 6.07324 6 -1.61582 -2
18 18420 2.64591 3 3.52811 4
19 18420 8.78169 9 0.0217026 0
21 18420 7.30397 7 0.751402 1
22 18420 4.82728 5 1.54703 2
24 18420 3.85194 4 6.50464 7
03 18425 6.07482 6 -1.85086 -2
07 18425 0.000525504 0 -0.551983 -1
16 18425 5.22929 5 -1.5372 -2
18 18425 1.78356 2 3.34302 3
19 18425 8.34447 8 -0.175668 -0
21 18425 7.13424 7 0.432824 0
22 18425 3.79887 4 1.56873 2
24 18425 4.79995 5 5.24548 5
03 18430 4.75003 5 -2.6686 -3
07 18430 -0.666864 -1 -0.99832 -1
16 18430 3.24025 3 -2.54617 -3
18 18430 1.35002 1 2.58097 3
19 18430 7.27087 7 -1.25589 -1
21 18430 6.49575 6 -1.12321 -1
22 18430 2.22235 2 -0.0389009 -0
24 18430 5.21825 5 4.41259 4
03 18435 4.79364 5 -2.13914 -2
07 18435 -0.906494 -1 -0.791531 -1
16 18435 3.09889 3 -3.43229 -3
18 18435 0.954314 1 2.75296 3
19 18435 7.24407 7 -0.686294 -1
21 18435 6.49522 6 -1.85905 -2
22 18435 2.2996 2 -1.34065 -1
24 18435 5.8168 6 3.31067 3
03 18440 6.15522 6 -3.38438 -3
07 18440 1.98483 2 -0.267802 -0
16 18440 4.43998 4 -4.39621 -4
18 18440 2.38736 2 1.67642 2
19 18440 8.59303 9 -1.1486 -1
21 18440 8.91937 9 -2.48229 -2
22 18440 3.80727 4 -2.27386 -2
24 18440 7.1211 7 2.2063 2
03 18445 5.6623 6 -4.65337 -5
07 18445 -0.822939 -1 -1.42214 -1
16 18445 4.28443 4 -4.00597 -4
18 18445 1.27172 1 1.37627 1
19 18445 7.62295 8 -1.85086 -2
21 18445 9.29511 9 -2.47451 -2
22 18445 2.60755 3 -2.83936 -3
24 18445 7.03912 7 1.55358 2
03 18450 4.67015 5 -5.65005 -6
07 18450 -2.51979 -3 -2.59039 -3
16 18450 4.83253 5 -4.15544 -4
18 18450 0.8345 1 -0.0511854 -0
19 18450 7.03702 7 -2.34552 -2
21 18450 8.86682 9 -3.5752 -4
22 18450 2.12934 2 -3.33975 -3
24 18450 6.57352 7 1.2952 1
03 18455 4.43788 4 -5.28643 -5
07 18455 -2.84087 -3 -2.18582 -2
16 18455 4.76106 5 -4.52356 -5
18 18455 -0.121391 -0 -0.369763 -0
19 18455 6.74484 7 -1.79108 -2
21 18455 9.70395 10 -3.59117 -4
22 18455 1.61697 2 -2.62151 -3
24 18455 6.9687 7 0.281724 0
03 18460 3.92446 4 -4.48098 -4
07 18460 -2.38631 -2 -1.37668 -1
16 18460 3.79519 4 -4.03546 -4
18 18460 -0.880744 -1 -0.405388 -0
19 18460 5.21562 5 -0.526596 -1
21 18460 9.51739 10 -3.17309 -3
22 18460 1.53762 2 -2.05028 -2
24 18460 6.56354 7 0.422996 0
03 18465 3.73948 4 -3.81516 -4
07 18465 -2.16823 -2 0.583514 1
16 18465 4.11259 4 -4.00352 -4
18 18465 -0.599074 -1 -0.0769829 -0
19 18465 5.39167 5 -0.668686 -1
21 18465 9.66821 10 -1.95528 -2
22 18465 1.96328 2 -1.36726 -1
24 18465 6.74799 7 1.42541 1
03 18470 4.21979 4 -3.46505 -3
07 18470 -3.16406 -3 1.90205 2
16 18470 3.59497 4 -3.44539 -3
18 18470 -0.637436 -1 0.843945 1
19 18470 4.40635 4 0.524958 1
21 18470 9.3093 9 -0.908234 -1
22 18470 1.53184 2 -1.14041 -1
24 18470 7.4364 7 1.81033 2
03 18475 4.05216 4 -2.45854 -2
07 18475 -5.05797 -5 3.14606 3
16 18475 4.49989 4 -3.2558 -3
18 18475 -0.069892 -0 1.40248 1
19 18475 3.45781 3 0.541746 1
21 18475 8.13742 8 -1.40862 -1
22 18475 2.08362 2 -1.23418 -1
24 18475 6.8305 7 1.2567 1
03 18480 2.61648 3 -2.52119 -3
07 18480 -7.35074 -7 3.25867 3
16 18480 4.52301 5 -3.64972 -4
18 18480 1.25227 1 2.22063 2
19 18480 2.61123 3 -0.263707 -0
21 18480 7.57198 8 -1.5327 -2
22 18480 1.35843 1 -1.73048 -2
24 18480 7.11006 7 -0.173621 -0
03 18485 1.78251 2 -2.16248 -2
07 18485 -7.82895 -8 4.69964 5
16 18485 3.48409 3 -3.09242 -3
18 18485 0.46402 0 3.25662 3
19 18485 2.22288 2 -0.155194 -0
21 18485 6.98394 7 -0.476639 -0
22 18485 0.581207 1 -2.02735 -2
24 18485 6.52781 7 -0.0917243 -0
03 18490 -0.304267 -0 -0.809139 -1
07 18490 -8.66293 -9 5.70451 6
16 18490 2.90971 3 -1.56177 -2
18 18490 -0.101422 -0 4.47688 4
19 18490 2.04211 2 0.870561 1
21 18490 6.27661 6 1.12444 1
22 18490 -0.630604 -1 -1.14819 -1
24 18490 5.32283 5 -0.579419 -1
03 18495 -0.455086 -0 -0.465173 -0
07 18495 -9.39653 -9 5.42811 5
16 18495 2.59599 3 -0.897997 -1
18 18495 -0.314777 -0 4.44985 4
19 18495 2.71896 3 2.80824 3
21 18495 6.24824 6 1.49789 1
22 18495 -1.4362 -1 -0.287457 -0
24 18495 4.6917 5 2.1203 2
03 18500 -0.253818 -0 -0.789074 -1
07 18500 -10.0298 -10 6.54723 7
16 18500 1.55391 2 -0.707587 -1
18 18500 -0.452459 -0 4.64845 5
19 18500 2.97908 3 3.88272 4
21 18500 6.63606 7 1.18627 1
22 18500 -1.56758 -2 0.00859915 0
24 18500 3.92236 4 3.02281 3
03 18505 0.145039 0 -0.739117 -1
07 18505 -9.86055 -10 4.82781 5
16 18505 1.56127 2 -1.51509 -2
18 18505 -0.182875 -0 3.59199 4
19 18505 2.82879 3 3.50026 4
21 18505 6.86255 7 0.0470906 0
22 18505 -1.01948 -1 -0.238729 -0
24 18505 4.26919 4 3.53466 4
03 18510 1.12405 1 0.0827156 0
07 18510 -8.28614 -8 4.29343 4
16 18510 3.17667 3 -1.36604 -1
18 18510 0.0325812 0 3.01584 3
19 18510 3.84406 4 3.43597 3
21 18510 8.01656 8 -0.694893 -1
22 18510 -0.465596 -0 -0.566725 -1
24 18510 4.94499 5 3.01175 3
03 18515 1.78987 2 -0.925023 -1
07 18515 -7.45322 -7 4.41669 4
16 18515 3.8903 4 -1.53843 -2
18 18515 1.26173 1 2.04046 2
19 18515 4.53457 5 2.75009 3
21 18515 8.58725 9 -1.11216 -1
22 18515 0.33422 0 -0.699807 -1
24 18515 6.89618 7 3.0785 3
03 18520 1.97905 2 -0.542975 -1
07 18520 -5.18357 -5 5.0305 5
16 18520 3.55451 4 -1.47742 -1
18 18520 0.536014 1 2.08918 2
19 18520 4.19194 4 2.46345 2
21 18520 8.28036 8 -1.2305 -1
22 18520 2.45673 2 -0.684656 -1
24 18520 7.18784 7 3.31436 3
03 18525 2.58916 3 -1.20388 -1
07 18525 -5.82994 -6 6.06527 6
16 18525 3.04214 3 -2.07321 -2
18 18525 1.60699 2 1.62811 2
19 18525 5.44106 5 2.05724 2
21 18525 8.81217 9 -1.73989 -2
22 18525 4.23661 4 -1.30011 -1
24 18525 7.07485 7 2.40612 2
03 18530 2.88081 3 -2.09901 -2
07 18530 -3.45413 -3 6.21309 6
16 18530 3.43049 3 -1.94382 -2
18 18530 1.82245 2 1.91229 2
19 18530 5.96972 6 1.69158 2
21 18530 9.09279 9 -2.50727 -3
22 18530 4.74372 5 -1.09455 -1
24 18530 6.25034 6 1.28373 1
03 18535 4.08579 4 -2.77302 -3
07 18535 -1.76306 -2 6.95262 7
16 18535 4.4342 4 -1.77961 -2
18 18535 2.89395 3 2.00811 2
19 18535 7.1994 7 2.12645 2
21 18535 10.0776 10 -3.58871 -4
22 18535 6.15522 6 -0.874247 -1
24 18535 8.86419 9 -0.384914 -0
03 18540 5.24925 5 -3.21813 -3
07 18540 -0.214931 -0 5.47848 5
16 18540 6.11528 6 -1.7747 -2
18 18540 3.34273 3 1.7788 2
19 18540 7.83368 8 2.07854 2
21 18540 11.2521 11 -4.2488 -4
22 18540 7.57881 8 -0.473772 -0
24 18540 10.3219 10 -1.72433 -2
03 18545 6.19464 6 -2.51505 -3
07 18545 3.34063 3 4.33807 4
16 18545 5.378 5 -1.0581 -1
18 18545 3.56239 4 2.36763 2
19 18545 9.19053 9 2.86434 3
21 18545 12.1849 12 -3.94291 -4
22 18545 8.50212 9 -0.53888 -1
24 18545 11.4791 11 -0.873428 -1
03 18550 7.08904 7 -2.32587 -2
07 18550 2.25021 2 3.1477 3
16 18550 5.16728 5 -1.81033 -2
18 18550 3.84931 4 1.65964 2
19 18550 8.77801 9 2.20548 2
21 18550 12.477 12 -5.16768 -5
22 18550 9.1816 9 -0.857867 -1
24 18550 11.179 11 -2.24069 -2
03 18555 7.31869 7 -2.80005 -3
07 18555 2.66588 3 3.2124 3
16 18555 6.72539 7 -1.85619 -2
18 18555 3.1052 3 1.34515 1
19 18555 7.51418 8 2.22472 2
21 18555 12.9153 13 -5.59968 -6
22 18555 9.50268 10 -0.711272 -1
24 18555 9.7008 10 -2.55804 -3
03 18560 6.84626 7 -3.24311 -3
07 18560 1.26909 1 1.93194 2
16 18560 4.88613 5 -1.46923 -1
18 18560 2.51348 3 0.603988 1
19 18560 6.69807 7 1.35539 1
21 18560 12.8995 13 -6.54641 -7
22 18560 9.79171 10 -0.591703 -1
24 18560 8.19365 8 -2.87375 -3
03 18565 4.96075 5 -3.73858 -4
07 18565 -1.46037 -1 1.6191 2
16 18565 3.45729 3 -1.65104 -2
18 18565 0.442474 0 -0.17403 -0
19 18565 5.82731 6 1.46267 1
21 18565 11.5574 12 -5.84333 -6
22 18565 7.32342 7 -0.78416 -1
24 18565 6.58246 7 -3.30166 -3
03 18570 5.56456 6 -4.57188 -5
07 18570 -2.25809 -2 -0.438557 -0
16 18570 1.69317 2 -2.85983 -3
18 18570 0.523402 1 -1.35498 -1
19 18570 6.24771 6 0.524958 1
21 18570 12.8486 13 -6.41988 -6
22 18570 6.99025 7 -2.90569 -3
24 18570 6.45056 6 -4.48343 -4
03 18575 6.58929 7 -3.95397 -4
07 18575 -1.57546 -2 0.373858 0
16 18575 2.65222 3 -2.98554 -3
18 18575 1.27014 1 -0.536833 -1
19 18575 6.71331 7 1.10683 1
21 18575 12.2222 12 -6.26919 -6
22 18575 7.05436 7 -1.46145 -1
24 18575 8.04073 8 -5.02968 -5
03 18580 6.09059 6 -2.64035 -3
07 18580 -1.12826 -1 1.43524 1
16 18580 3.21608 3 -2.83813 -3
18 18580 1.08306 1 0.533557 1
19 18580 6.06379 6 0.896768 1
21 18580 11.8748 12 -6.15576 -6
22 18580 5.40953 5 -0.576552 -1
24 18580 7.03386 7 -4.27828 -4
03 18585 6.50941 7 -3.67757 -4
07 18585 -0.0162906 -0 2.15552 2
16 18585 3.78047 4 -2.58834 -3
18 18585 0.666338 1 0.55444 1
19 18585 5.81627 6 0.232996 0
21 18585 11.1102 11 -5.9932 -6
22 18585 4.62864 5 -1.87093 -2
24 18585 5.7385 6 -4.90889 -5
03 18590 7.34601 7 -4.08378 -4
07 18590 -1.12248 -1 1.22763 1
16 18590 3.8388 4 -1.70017 -2
18 18590 0.887575 1 0.189181 0
19 18590 6.39117 6 0.789484 1
21 18590 10.5516 11 -6.31259 -6
22 18590 4.41686 4 -1.36358 -1
24 18590 5.28131 5 -5.49608 -5
03 18595 8.10326 8 -3.88026 -4
07 18595 -1.26068 -1 1.2522 1
16 18595 3.67642 4 -1.74317 -2
18 18595 1.21444 1 1.15638 1
19 18595 5.3223 5 0.525777 1
21 18595 11.0724 11 -6.73764 -7
22 18595 3.7069 4 -1.58061 -2
24 18595 4.95077 5 -5.4019 -5
03 18600 7.55096 8 -4.83149 -5
07 18600 -1.25227 -1 -0.662544 -1
16 18600 4.07738 4 -2.97817 -3
18 18600 1.05731 1 1.14696 1
19 18600 4.74635 5 -1.11011 -1
21 18600 10.7891 11 -7.91163 -8
22 18600 3.21608 3 -2.9491 -3
24 18600 4.7269 5 -5.42238 -5
03 18605 6.86255 7 -3.84136 -4
07 18605 -1.67951 -2 -1.22804 -1
16 18605 4.39111 4 -2.38278 -2
18 18605 0.224916 0 1.56382 2
19 18605 4.03639 4 -0.897178 -1
21 18605 10.2021 10 -7.81253 -8
22 18605 2.22288 2 -1.97862 -2
24 18605 4.75318 5 -6.14839 -6
03 18610 5.13154 5 -2.96548 -3
07 18610 -2.96174 -3 -0.967609 -1
16 18610 3.75998 4 -1.84964 -2
18 18610 -0.926463 -1 1.57815 2
19 18610 4.05163 4 -0.484828 -0
21 18610 9.24623 9 -7.49191 -7
22 18610 1.2013 1 -1.35334 -1
24 18610 3.67642 4 -5.97846 -6
03 18615 5.09896 5 -2.20998 -2
07 18615 -2.60229 -3 -1.40002 -1
16 18615 4.7968 5 -1.61787 -2
18 18615 -0.699971 -1 2.09246 2
19 18615 5.47102 5 0.256746 0
21 18615 9.84794 10 -6.51815 -7
22 18615 2.78517 3 -0.646574 -1
24 18615 5.2997 5 -5.44449 -5
03 18620 5.56824 6 -2.26526 -2
07 18620 -2.35478 -2 -0.832889 -1
16 18620 5.2482 5 -2.34757 -2
18 18620 0.293231 0 1.81401 2
19 18620 6.3176 6 -0.0221121 -0
21 18620 10.1438 10 -6.44772 -6
22 18620 4.68959 5 -0.224806 -0
24 18620 6.4679 6 -5.47561 -5
03 18625 4.96338 5 -2.23455 -2
07 18625 -4.27497 -4 -1.01552 -1
16 18625 4.1704 4 -1.81114 -2
18 18625 0.4698 0 1.33532 1
19 18625 6.34598 6 -0.343966 -0
21 18625 9.38602 9 -6.11686 -6
22 18625 5.59188 6 -0.435281 -0
24 18625 6.04434 6 -5.648 -6
03 18630 4.3538 4 -2.04824 -2
07 18630 -6.08428 -6 -2.00074 -2
16 18630 3.71373 4 -2.23783 -2
18 18630 -1.37997 -1 0.599074 1
19 18630 4.08999 4 -0.251423 -0
21 18630 8.49161 8 -6.01777 -6
22 18630 5.34174 5 -0.212112 -0
24 18630 5.35436 5 -6.36583 -6
03 18635 4.60604 5 -0.217845 -0
07 18635 -8.28246 -8 -1.21494 -1
16 18635 4.35748 4 -0.0884484 -0
18 18635 -1.66059 -2 2.23373 2
19 18635 2.69531 3 0.36485 0
21 18635 8.48268 8 -4.551 -5
22 18635 4.06635 4 1.60272 2
24 18635 5.21825 5 -5.53499 -6
03 18640 4.31386 4 0.21375 0
07 18640 -9.09752 -9 0.187543 0
16 18640 4.45207 4 -0.406617 -0
18 18640 -1.05784 -1 1.93645 2
19 18640 2.64591 3 0.501208 1
21 18640 8.27931 8 -3.49166 -3
22 18640 3.24604 3 1.69117 2
24 18640 4.95865 5 -4.91462 -5
03 18645 4.37114 4 0.294418 0
07 18645 -8.32398 -8 1.05892 1
16 18645 3.63123 4 -0.00696122 -0
18 18645 0.0310047 0 1.16334 1
19 18645 4.3291 4 -0.402932 -0
21 18645 9.14481 9 -2.75255 -3
22 18645 4.68959 5 1.27349 1
24 18645 4.95445 5 -5.01371 -5
03 18650 3.5461 4 -0.205151 -0
07 18650 -5.96079 -6 0.916014 1
16 18650 2.53871 3 -0.774742 -1
18 18650 0.203895 0 0.334138 0
19 18650 4.07213 4 -1.3427 -1
21 18650 9.42491 9 -2.28901 -2
22 18650 2.78096 3 1.00201 1
24 18650 3.36848 3 -6.1185 -6
03 18655 2.59073 3 0.478686 0
07 18655 -5.60134 -6 0.766553 1
16 18655 2.67324 3 -0.39597 -0
18 18655 -0.532335 -1 0.796036 1
19 18655 3.93182 4 -0.744441 -1
21 18655 8.448 8 -0.759591 -1
22 18655 0.796663 1 1.28332 1
24 18655 0.750419 1 -6.7016 -7
03 18660 2.83877 3 -0.535604 -1
07 18660 -4.78156 -5 0.839441 1
16 18660 1.97484 2 -1.78494 -2
18 18660 -0.970605 -1 0.434462 0
19 18660 4.20508 4 -1.48233 -1
21 18660 8.59829 9 -0.216207 -0
22 18660 0.744113 1 0.712501 1
24 18660 1.15558 1 -7.34122 -7
03 18665 1.88919 2 -0.976618 -1
07 18665 -4.16199 -4 -0.159289 -0
16 18665 1.2281 1 -3.23123 -3
18 18665 -1.77568 -2 0.413578 0
19 18665 4.56242 5 -1.16252 -1
21 18665 7.38911 7 0.138815 0
22 18665 -0.0331067 -0 0.644117 1
24 18665 1.71787 2 -6.61234 -7
03 18670 2.9197 3 -0.753859 -1
07 18670 -4.45417 -4 0.223987 0
16 18670 3.21398 3 -3.04901 -3
18 18670 -1.98535 -2 0.638384 1
19 18670 6.0559 6 -0.411531 -0
21 18670 8.49161 8 0.630604 1
22 18670 0.0604329 0 0.651488 1
24 18670 3.00378 3 -6.16436 -6
03 18675 2.47407 2 -1.10479 -1
07 18675 -3.51141 -4 0.706359 1
16 18675 2.79988 3 -2.60759 -3
18 18675 -2.46619 -2 0.592522 1
19 18675 7.32972 7 -0.963105 -1
21 18675 8.18997 8 0.818557 1
22 18675 0.781424 1 0.317759 0
24 18675 3.14777 3 -4.73854 -5
03 18680 0.176569 0 -0.771057 -1
07 18680 -4.16882 -4 0.643298 1
16 18680 0.401485 0 -3.34016 -3
18 18680 -2.48931 -2 0.554031 1
19 18680 7.42431 7 -1.33778 -1
21 18680 7.82265 8 1.22395 1
22 18680 -0.643742 -1 -0.2936 -0
24 18680 1.44356 1 -4.78891 -5
03 18685 2.8209 3 -1.23582 -1
07 18685 -2.27018 -2 1.28782 1
16 18685 2.73104 3 -2.96425 -3
18 18685 -0.950636 -1 1.37054 1
19 18685 9.51056 10 -0.470906 -0
21 18685 10.2184 10 1.39798 1
22 18685 1.30377 1 -0.0339871 -0
24 18685 2.47565 2 -4.54117 -5
03 18690 2.76257 3 -2.69071 -3
07 18690 -2.85033 -3 1.31813 1
16 18690 3.01692 3 -3.16121 -3
18 18690 -2.2397 -2 1.68707 2
19 18690 8.05807 8 -0.497522 -0
21 18690 9.65981 10 0.624462 1
22 18690 0.64742 1 -0.187953 -0
24 18690 2.19082 2 -4.54199 -5
03 18695 4.40792 4 -4.37615 -4
07 18695 0.789306 1 1.02617 1
16 18695 3.85352 4 -2.95606 -3
18 18695 -2.04158 -2 1.75341 2
19 18695 8.38021 8 0.365259 0
21 18695 10.2636 10 0.357479 0
22 18695 0.670543 1 -0.41972 -0
24 18695 1.63432 2 -4.66442 -5
03 18700 4.018 4 -3.01912 -3
07 18700 0.92331 1 0.387781 0
16 18700 3.17089 3 -2.4049 -2
18 18700 -2.3779 -2 1.72311 2
19 18700 7.73541 8 1.32304 1
21 18700 9.66506 10 0.132673 0
22 18700 1.44881 1 0.431595 0
24 18700 2.07784 2 -4.39662 -4
03 18705 3.90502 4 -2.21408 -2
07 18705 2.55657 3 0.485647 0
16 18705 1.75518 2 -1.78944 -2
18 18705 -1.80721 -2 2.84755 3
19 18705 6.66706 7 3.08914 3
21 18705 8.94985 9 0.405798 0
22 18705 1.0137 1 1.98354 2
24 18705 1.49611 1 -2.12522 -2
03 18710 2.56814 3 -1.235 -1
07 18710 4.68854 5 0.46763 0
16 18710 1.00686 1 -0.244462 -0
18 18710 -2.318 -2 4.49449 4
19 18710 5.2151 5 4.35526 4
21 18710 8.85789 9 0.789074 1
22 18710 1.47824 1 2.97367 3
24 18710 0.885473 1 -1.09086 -1
03 18715 2.95648 3 -0.569182 -1
07 18715 3.81148 4 -1.21207 -1
16 18715 0.862351 1 0.338233 0
18 18715 -2.53766 -3 5.0608 5
19 18715 4.15989 4 5.63818 6
21 18715 8.85946 9 1.86724 2
22 18715 2.15667 2 3.82335 4
24 18715 0.528131 1 -0.214979 -0
03 18720 1.31323 1 0.464764 0
07 18720 2.30381 2 -1.4897 -1
16 18720 1.53867 2 0.156423 0
18 18720 -2.61491 -3 5.40231 5
19 18720 2.93809 3 6.03701 6
21 18720 8.27563 8 0.922156 1
22 18720 0.996355 1 3.14401 3
24 18720 -0.993727 -1 -0.0503664 -0
03 18725 0.326863 0 -0.268621 -0
07 18725 2.03317 2 -1.44425 -1
16 18725 2.35163 2 -0.465173 -0
18 18725 -2.04158 -2 4.46664 4
19 18725 1.97432 2 5.70328 6
21 18725 8.27983 8 0.0327587 0
22 18725 1.97221 2 2.1289 2
24 18725 -1.89076 -2 -1.31403 -1
03 18730 -0.0425658 -0 -0.49097 -0
07 18730 1.17608 1 -1.45162 -1
16 18730 2.4746 2 -0.241186 -0
18 18730 -0.802444 -1 3.39912 3
19 18730 1.29904 1 3.9941 4
21 18730 10.1585 10 -0.573277 -1
22 18730 1.2486 1 1.41149 1
24 18730 -2.89185 -3 -1.25629 -1
03 18735 0.568595 1 -0.208427 -0
07 18735 1.31744 1 -0.407845 -0
16 18735 3.17719 3 -0.178535 -0
18 18735 -0.0872336 -0 3.31272 3
19 18735 1.20498 1 3.39912 3
21 18735 11.0823 11 -0.373449 -0
22 18735 1.37419 1 0.981122 1
24 18735 -1.97589 -2 -0.734204 -1
03 18740 1.03156 1 -0.344785 -0
07 18740 0.839755 1 0.00163793 0
16 18740 3.71163 4 0.169526 0
18 18740 -0.413571 -0 2.31768 2
19 18740 1.29589 1 2.06789 2
21 18740 11.9342 12 -0.744031 -1
22 18740 2.66062 3 1.05933 1
24 18740 -1.47982 -1 -0.132263 -0
03 18745 3.29911 3 -1.7444 -2
07 18745 0.801393 1 1.79681 2
16 18745 5.69436 6 0.366078 0
18 18745 0.333169 0 1.3128 1
19 18745 1.86869 2 0.618729 1
21 18745 13.4355 13 -0.692027 -1
22 18745 2.47039 2 0.917243 1
24 18745 0.256446 0 -1.425 -1
03 18750 3.52718 4 -1.55767 -2
07 18750 1.61172 2 3.63662 4
16 18750 5.24925 5 -0.35625 -0
18 18750 -0.160804 -0 1.53556 2
19 18750 1.69212 2 -0.264117 -0
21 18750 12.7776 13 -0.513902 -1
22 18750 2.0337 2 1.49707 1
24 18750 -1.23914 -1 -0.872609 -1
03 18755 2.79988 3 0.147004 0
07 18755 1.3269 1 4.27992 4
16 18755 3.30174 3 0.353794 0
18 18755 -1.73626 -2 1.28987 1
19 18755 0.997931 1 -0.165841 -0
21 18755 11.2752 11 0.173211 0
22 18755 0.493973 0 2.49949 2
24 18755 -0.670017 -1 0.449203 0
03 18760 1.4588 1 -0.0888579 -0
07 18760 1.73101 2 2.87416 3
16 18760 3.00378 3 -1.4033 -1
18 18760 -2.36214 -2 -0.116293 -0
19 18760 1.93858 2 -2.33487 -2
21 18760 9.94621 10 -1.20265 -1
22 18760 0.403587 0 1.19692 1
24 18760 -0.446678 -0 -1.52696 -2
03 18765 2.01898 2 -1.5847 -2
07 18765 2.25809 2 3.26235 3
16 18765 3.26758 3 -0.579419 -1
18 18765 -2.25231 -2 -0.0266164 -0
19 18765 3.41472 3 -3.37537 -3
21 18765 8.788 9 -1.40494 -1
22 18765 1.08464 1 1.29847 1
24 18765 1.10356 1 -1.11379 -1
03 18770 1.89286 2 -2.32627 -2
07 18770 2.95858 3 3.45522 3
16 18770 1.42569 1 0.204742 0
18 18770 -3.91395 -4 -0.383686 -0
19 18770 3.70585 4 -3.68453 -4
21 18770 7.8794 8 -2.0253 -2
22 18770 0.666338 1 0.759182 1
24 18770 0.814005 1 -1.47086 -1
03 18775 1.86869 2 -2.63093 -3
07 18775 2.46934 2 3.61738 4
16 18775 0.270109 0 -0.900454 -1
18 18775 -4.5372 -5 -1.14287 -1
19 18775 3.93865 4 -3.4372 -3
21 18775 7.55516 8 -2.32341 -2
22 18775 0.0635859 0 -0.141272 -0
24 18775 1.16819 1 -1.88608 -2
03 18780 0.138207 0 -3.18414 -3
07 18780 2.5056 3 4.1235 4
16 18780 -0.658981 -1 -1.71655 -2
18 18780 -5.41899 -5 -1.28414 -1
19 18780 4.01537 4 -3.84054 -4
21 18780 7.51943 8 -2.62233 -3
22 18780 -0.671068 -1 0.234634 0
24 18780 1.47509 1 -1.25384 -1
03 18785 0.223865 0 -3.58052 -4
07 18785 3.56764 4 4.2488 4
16 18785 0.441423 0 -1.62974 -2
18 18785 -4.58187 -5 -1.54007 -2
19 18785 5.5099 6 -3.98509 -4
21 18785 7.38911 7 -2.99578 -3
22 18785 0.345256 0 -1.03845 -1
24 18785 1.91809 2 -0.894311 -1
03 18790 -0.138207 -0 -3.62229 -4
07 18790 3.28545 3 4.72871 5
16 18790 0.661083 1 -2.29352 -2
18 18790 -4.11679 -4 -1.0233 -1
19 18790 5.71222 6 -2.8238 -3
21 18790 7.8526 8 -3.48102 -3
22 18790 0.0194436 0 -0.603988 -1
24 18790 1.89391 2 -1.09086 -1
03 18795 0.909647 1 -3.37701 -3
07 18795 2.95228 3 3.39912 3
16 18795 1.47719 1 -1.96552 -2
18 18795 -3.47778 -3 -1.04746 -1
19 18795 6.10898 6 -2.39466 -2
21 18795 7.4653 7 -2.78531 -3
22 18795 -0.604855 -1 -0.155604 -0
24 18795 3.42155 3 -1.37914 -1
03 18800 1.61645 2 -3.29102 -3
07 18800 2.58075 3 3.69641 4
16 18800 1.50294 2 -2.12931 -2
18 18800 -3.68641 -4 -1.20511 -1
19 18800 5.48678 5 -2.3963 -2
21 18800 6.96818 7 -3.08218 -3
22 18800 -0.779847 -1 -0.637156 -1
24 18800 3.67117 4 -2.39384 -2
03 18805 2.17716 2 -2.39425 -2
07 18805 1.97589 2 5.07268 5
16 18805 1.80458 2 -1.6236 -2
18 18805 -1.80773 -2 -0.559354 -1
19 18805 5.74428 6 -0.802178 -1
21 18805 7.17785 7 -2.47533 -2
22 18805 0.604329 1 -0.202694 -0
24 18805 4.82517 5 -1.97084 -2
03 18810 2.80829 3 -2.90815 -3
07 18810 1.33741 1 2.71651 3
16 18810 2.90551 3 -3.73572 -4
18 18810 -1.34371 -1 -1.50772 -2
19 18810 4.52143 5 -1.34515 -1
21 18810 7.8568 8 -3.65382 -4
22 18810 2.03895 2 -1.97453 -2
24 18810 6.10477 6 -2.75869 -3
03 18815 2.74943 3 -1.62483 -2
07 18815 -0.915427 -1 3.61 4
16 18815 2.75049 3 -2.47123 -2
18 18815 -2.09939 -2 -0.450432 -0
19 18815 4.07686 4 0.813643 1
21 18815 8.07173 8 -2.68048 -3
22 18815 1.92072 2 -1.09168 -1
24 18815 5.77791 6 -1.42091 -1
03 18820 3.13883 3 -0.297285 -0
07 18820 -1.5124 -2 4.60996 5
16 18820 4.02115 4 -1.93604 -2
18 18820 -2.40313 -2 -0.124483 -0
19 18820 3.51457 4 1.33369 1
21 18820 7.34339 7 -2.14078 -2
22 18820 0.738332 1 0.152328 0
24 18820 4.64545 5 -0.307522 -0
03 18825 3.57815 4 -1.02289 -1
07 18825 -2.42835 -2 4.86671 5
16 18825 3.4657 3 -1.88936 -2
18 18825 -1.93228 -2 -0.31735 -0
19 18825 4.27445 4 2.11867 2
21 18825 8.38388 8 -1.89632 -2
22 18825 1.48192 1 1.44138 1
24 18825 5.13732 5 0.669915 1
03 18830 3.95441 4 -1.3427 -1
07 18830 -2.36109 -2 2.52242 3
16 18830 3.46202 3 -1.79599 -2
18 18830 -1.43305 -1 -0.91151 -1
19 18830 5.17674 5 2.44912 2
21 18830 8.39702 8 -1.4594 -1
22 18830 0.832923 1 1.67765 2
24 18830 5.17253 5 1.20552 1
03 18835 3.71478 4 -0.975389 -1
07 18835 -2.39157 -2 3.26645 3
16 18835 3.69744 4 -0.724785 -1
18 18835 -1.50347 -2 0.292371 0
19 18835 4.13466 4 3.24106 3
21 18835 9.39758 9 -1.00856 -1
22 18835 1.26857 1 2.80578 3
24 18835 5.71906 6 2.55518 3
03 18840 2.64538 3 -1.44425 -1
07 18840 -2.09361 -2 3.31559 3
16 18840 3.41315 3 -0.671962 -1
18 18840 -0.339475 -0 -0.0773923 -0
19 18840 5.0401 5 2.59858 3
21 18840 10.5815 11 -0.419311 -0
22 18840 1.18606 1 2.76483 3
24 18840 6.24351 6 2.12276 2
03 18845 2.12619 2 -1.98517 -2
07 18845 -1.66269 -2 4.45108 4
16 18845 4.50094 5 -0.438557 -0
18 18845 0.980064 1 0.373449 0
19 18845 5.56298 6 2.30744 2
21 18845 11.2857 11 -0.0307112 -0
22 18845 1.63905 2 2.41104 2
24 18845 7.85943 8 2.44994 2
03 18850 2.81828 3 -1.73498 -2
07 18850 -1.83296 -2 4.36223 4
16 18850 5.43686 5 -0.595798 -1
18 18850 1.21549 1 0.64944 1
19 18850 7.69495 8 2.17108 2
21 18850 11.4828 11 -0.17403 -0
22 18850 2.27333 2 3.88313 4
24 18850 6.66286 7 2.4397 2
03 18855 3.37478 3 -0.783342 -1
07 18855 -1.69422 -2 4.39171 4
16 18855 5.79263 6 -0.592932 -1
18 18855 2.6601 3 1.82097 2
19 18855 8.76487 9 2.26977 2
21 18855 12.6284 13 0.688751 1
22 18855 2.76362 3 5.40477 5
24 18855 6.71015 7 2.1158 2
03 18860 3.41157 3 -0.843126 -1
07 18860 -1.49138 -1 3.76438 4
16 18860 5.00963 5 -1.74358 -2
18 18860 2.03422 2 2.37828 2
19 18860 8.68552 9 2.59244 3
21 18860 12.1349 12 1.8742 2
22 18860 2.55973 3 6.27083 6
24 18860 7.06434 7 1.90696 2
03 18865 3.68641 4 -1.83285 -2
07 18865 -1.62906 -2 1.62606 2
16 18865 5.85569 6 -1.97985 -2
18 18865 2.23444 2 1.95405 2
19 18865 9.90627 10 2.07239 2
21 18865 11.8454 12 2.11949 2
22 18865 3.01534 3 5.42565 5
24 18865 8.69656 9 1.65308 2
03 18870 4.21296 4 -0.913557 -1
07 18870 -0.0131376 -0 1.57283 2
16 18870 5.75531 6 -0.716596 -1
18 18870 2.30854 2 3.93227 4
19 18870 10.4039 10 3.31149 3
21 18870 13.0346 13 2.67556 3
22 18870 3.25444 3 5.94611 6
24 18870 7.62821 8 2.0728 2
03 18875 2.72894 3 -0.382457 -0
07 18875 -0.966927 -1 2.08386 2
16 18875 3.86508 4 -0.362393 -0
18 18875 -0.686833 -1 4.98628 5
19 18875 6.96923 7 4.07354 4
21 18875 10.0734 10 2.70832 3
22 18875 1.63064 2 6.61684 7
24 18875 4.80415 5 2.06216 2
03 18880 1.21864 1 -0.294418 -0
07 18880 -0.945906 -1 1.89877 2
16 18880 2.82195 3 -0.783751 -1
18 18880 -1.85871 -2 4.76147 5
19 18880 5.20669 5 4.00311 4
21 18880 9.72339 10 2.15593 2
22 18880 1.35422 1 5.83923 6
24 18880 3.2618 3 1.53515 2
03 18885 -0.488718 -0 -1.3644 -1
07 18885 0.00367852 0 1.00037 1
16 18885 3.46885 3 -1.45899 -1
18 18885 -0.608533 -1 3.81802 4
19 18885 5.25241 5 2.67679 3
21 18885 9.39863 9 1.6064 2
22 18885 2.02477 2 5.22705 5
24 18885 3.29123 3 -0.972523 -1
03 18890 -2.13039 -2 -0.610949 -1
07 18890 -0.916478 -1 0.688751 1
16 18890 1.74677 2 -0.246509 -0
18 18890 -1.57073 -2 3.12845 3
19 18890 4.1725 4 1.55726 2
21 18890 8.0092 8 1.34638 1
22 18890 1.89339 2 4.36304 4
24 18890 2.69215 3 -1.09987 -1
03 18895 -1.55024 -2 -0.615044 -1
07 18895 1.79039 2 0.0143319 0
16 18895 3.52508 4 -0.716596 -1
18 18895 -0.424081 -0 3.03427 3
19 18895 5.10737 5 1.31608 1
21 18895 8.41909 8 1.21494 1
22 18895 3.88505 4 3.41755 3
24 18895 4.66227 5 -0.746079 -1
03 18900 1.26279 1 -0.78416 -1
07 18900 3.34798 3 0.162974 0
16 18900 4.02904 4 -0.926251 -1
18 18900 -0.312149 -0 3.31722 3
19 18900 6.11528 6 0.940174 1
21 18900 8.69446 9 1.36563 1
22 18900 3.17457 3 2.56705 3
24 18900 4.38112 4 -0.488104 -0
03 18905 1.96749 2 -0.151509 -0
07 18905 4.52826 5 0.0167888 0
16 18905 4.54561 5 0.311207 0
18 18905 -0.0168161 -0 4.13169 4
19 18905 6.5977 7 2.43643 2
21 18905 8.59303 9 2.14528 2
22 18905 2.49824 2 2.70464 3
24 18905 4.02798 4 1.14778 1
03 18910 2.02266 2 0.464354 0
07 18910 5.04589 5 0.507759 1
16 18910 3.69692 4 1.02453 1
18 18910 -0.343154 -0 4.04569 4
19 18910 6.61031 7 3.46136 3
21 18910 8.02549 8 1.65227 2
22 18910 1.63589 2 3.03427 3
24 18910 3.60548 4 1.51918 2
03 18915 2.67639 3 -0.559764 -1
07 18915 5.48153 5 0.572048 1
16 18915 2.24232 2 1.52533 2
18 18915 -0.889678 -1 4.28115 4
19 18915 7.12951 7 4.37738 4
21 18915 6.47841 6 1.44056 1
22 18915 0.0225967 0 3.13869 3
24 18915 2.29592 2 3.12067 3
03 18920 2.41259 2 -0.70513 -1
07 18920 6.01649 6 0.722329 1
16 18920 0.075147 0 0.764096 1
18 18920 -1.90285 -2 3.4024 3
19 18920 6.92509 7 5.75856 6
21 18920 4.46573 4 0.224806 0
22 18920 -0.376786 -0 3.40608 3
24 18920 1.16452 1 4.36427 4
03 18925 1.71787 2 -0.997092 -1
07 18925 5.98916 6 0.185905 0
16 18925 -0.733077 -1 0.343966 0
18 18925 -2.56341 -3 3.28733 3
19 18925 7.43272 7 6.16109 6
21 18925 3.89661 4 0.31735 0
22 18925 -1.01422 -1 3.04287 3
24 18925 0.570171 1 4.04856 4
03 18930 1.6916 2 -0.590884 -1
07 18930 6.18623 6 1.15392 1
16 18930 0.461392 0 0.3411 0
18 18930 -2.96857 -3 3.18209 3
19 18930 8.44432 8 6.41046 6
21 18930 3.7584 4 0.202285 0
22 18930 -1.54498 -2 2.87498 3
24 18930 -1.90337 -2 4.15134 4
03 18935 2.01268 2 -1.55112 -2
07 18935 7.34128 7 0.505302 1
16 18935 0.896509 1 -0.371401 -0
18 18935 -3.32749 -3 1.75996 2
19 18935 9.91152 10 5.96044 6
21 18935 3.8141 4 -0.335776 -0
22 18935 -1.76569 -2 1.96961 2
24 18935 -3.37951 -3 4.87162 5
03 18940 1.63432 2 -1.32836 -1
07 18940 7.46478 7 1.9991 2
16 18940 1.65008 2 -0.00409483 -0
18 18940 -3.98279 -4 1.24606 1
19 18940 8.58305 9 6.16764 6
21 18940 3.36953 3 -0.0442242 -0
22 18940 -2.76047 -3 1.84882 2
24 18940 -3.75525 -4 6.44158 6
03 18945 2.05787 2 0.877113 1
07 18945 8.5862 9 2.4655 2
16 18945 2.43676 2 0.54666 1
18 18945 -3.74526 -4 1.45121 1
19 18945 9.24571 9 6.24831 6
21 18945 2.66746 3 0.280906 0
22 18945 -2.85559 -3 2.69276 3
24 18945 -4.31964 -4 6.77203 7
03 18950 1.84452 2 0.389419 0
07 18950 9.42018 9 1.95119 2
16 18950 3.79203 4 0.133082 0
18 18950 -3.74999 -4 0.963514 1
19 18950 9.50583 10 6.12628 6
21 18950 3.34851 3 0.49916 0
22 18950 -2.60334 -3 2.30908 2
24 18950 -4.59238 -5 6.62012 7
03 18955 0.0409893 0 -1.13058 -1
07 18955 8.99557 9 1.63793 2
16 18955 3.67327 4 -0.597436 -1
18 18955 -4.21979 -4 0.888169 1
19 18955 7.89832 8 5.47233 5
21 18955 2.14405 2 0.723557 1
22 18955 -2.87818 -3 1.37709 1
24 18955 -4.02798 -4 5.20453 5
03 18960 1.02 1 -0.913557 -1
07 18960 9.34608 9 2.4311 2
16 18960 2.72631 3 0.358707 0
18 18960 -3.62597 -4 1.50936 2
19 18960 7.27928 7 5.78846 6
21 18960 1.58965 2 1.80746 2
22 18960 -2.00059 -2 1.56955 2
24 18960 -2.62857 -3 6.96081 7
03 18965 1.84872 2 -2.05683 -2
07 18965 9.18002 9 1.71533 2
16 18965 1.91388 2 -0.136767 -0
18 18965 -3.63596 -4 0.960648 1
19 18965 6.6555 7 5.01044 5
21 18965 1.26016 1 1.20347 1
22 18965 -2.09413 -2 0.970885 1
24 18965 -1.89864 -2 7.51893 8
03 18970 2.7179 3 -1.2825 -1
07 18970 10.6525 11 1.98313 2
16 18970 2.77308 3 0.581876 1
18 18970 -2.61438 -3 2.17231 2
19 18970 8.2751 8 5.07473 5
21 18970 3.04582 3 1.54621 2
22 18970 -1.11249 -1 1.26162 1
24 18970 -0.251716 -0 7.57298 8
03 18975 1.19447 1 -0.960238 -1
07 18975 10.6451 11 1.18382 1
16 18975 2.6312 3 0.127349 0
18 18975 -2.47512 -2 2.3574 2
19 18975 7.44481 7 4.44126 4
21 18975 2.49877 2 1.48642 1
22 18975 -1.87868 -2 1.74112 2
24 18975 0.0951161 0 6.62339 7
03 18980 2.15036 2 -0.456983 -0
07 18980 10.8464 11 1.39879 1
16 18980 2.87083 3 -0.179763 -0
18 18980 -2.09781 -2 3.55595 4
19 18980 6.82314 7 4.66893 5
21 18980 3.30332 3 1.81688 2
22 18980 -1.75361 -2 2.64321 3
24 18980 1.62748 2 5.74546 6
03 18985 2.13722 2 -1.15024 -1
07 18985 10.9589 11 -0.100733 -0
16 18985 1.80405 2 -0.614634 -1
18 18985 -2.87923 -3 3.5625 4
19 18985 5.13259 5 3.9036 4
21 18985 3.54978 4 1.04173 1
22 18985 -0.627977 -1 1.62483 2
24 18985 0.743062 1 5.26964 5
03 18990 1.32322 1 -0.310798 -0
07 18990 10.8543 11 -0.443061 -0
16 18990 1.82875 2 0.144957 0
18 18990 -3.10835 -3 4.66074 5
19 18990 5.04746 5 3.64522 4
21 18990 3.6533 4 1.17972 1
22 18990 -1.25017 -1 2.33119 2
24 18990 -0.0173416 -0 5.60091 6
03 18995 0.272736 0 -0.258793 -0
07 18995 12.0966 12 -0.416444 -0
16 18995 1.3332 1 -0.447975 -0
18 18995 -3.90554 -4 5.28111 5
19 18995 4.66174 5 2.97858 3
21 18995 3.47568 3 1.35334 1
22 18995 -1.62433 -2 3.47979 3
24 18995 -1.01685 -1 3.91302 4
03 19000 0.932769 1 -0.719462 -1
07 19000 13.3657 13 -0.541746 -1
16 19000 1.82402 2 -0.739936 -1
18 19000 -2.67639 -3 5.28152 5
19 19000 5.68752 6 2.91511 3
21 19000 4.01905 4 0.723966 1
22 19000 -0.333695 -0 2.09492 2
24 19000 -1.35527 -1 2.46304 2
03 19005 1.68214 2 -0.952049 -1
07 19005 13.6074 14 -0.685475 -1
16 19005 1.37734 1 -0.0630604 -0
18 19005 -2.31432 -2 5.79255 6
19 19005 5.39797 5 3.12886 3
21 19005 4.80626 5 -0.466811 -0
22 19005 0.905968 1 2.17886 2
24 19005 -3.00588 -3 3.85692 4
03 19010 1.04365 1 -2.03636 -2
07 19010 13.3499 13 -1.01183 -1
16 19010 1.84557 2 -0.0724785 -0
18 19010 -2.54239 -3 5.05016 5
19 19010 4.03429 4 2.36681 2
21 19010 3.88715 4 -1.41026 -1
22 19010 0.888101 1 0.180582 0
24 19010 -4.3827 -4 2.93477 3
03 19015 1.45092 1 -2.39793 -2
07 19015 13.31 13 -0.730109 -1
16 19015 2.25651 2 -0.637156 -1
18 19015 -0.77249 -1 4.67671 5
19 19015 4.07213 4 0.609311 1
21 19015 5.49992 5 -2.05356 -2
22 19015 1.40888 1 0.445108 0
24 19015 -4.8814 -5 2.22104 2
03 19020 0.622196 1 -2.21367 -2
07 19020 11.3088 11 -1.84636 -2
16 19020 0.660558 1 -1.1572 -1
18 19020 -1.45564 -1 5.29462 5
19 19020 3.34903 3 -0.37222 -0
21 19020 5.83151 6 -1.90451 -2
22 19020 1.36158 1 1.22149 1
24 19020 -6.70648 -7 2.513 3
03 19025 -0.866555 -1 -1.4467 -1
07 19025 9.18317 9 -1.35048 -1
16 19025 -0.247512 -0 -1.0491 -1
18 19025 -1.33268 -1 5.03091 5
19 19025 2.35583 2 -0.962286 -1
21 19025 5.20091 5 -1.30666 -1
22 19025 1.58229 2 1.1916 1
24 19025 -6.99445 -7 2.19278 2
03 19030 0.889678 1 -0.992587 -1
07 19030 9.91783 10 -0.377134 -0
16 19030 2.36844 2 0.0577371 0
18 19030 -0.0299537 -0 5.21477 5
19 19030 4.82307 5 -0.429957 -0
21 19030 7.15788 7 -0.961467 -1
22 19030 3.01219 3 2.03227 2
24 19030 -4.84724 -5 2.91511 3
03 19035 -0.309522 -0 -1.3472 -1
07 19035 8.20994 8 -1.32632 -1
16 19035 3.80097 4 0.00450432 0
18 19035 -0.442999 -0 4.00557 4
19 19035 6.28712 6 -1.23623 -1
21 19035 7.93931 8 -1.69158 -2
22 19035 3.09837 3 2.19155 2
24 19035 -4.99701 -5 1.5978 2
03 19040 -1.3311 -1 0.429548 0
07 19040 4.7763 5 0.292371 0
16 19040 2.9465 3 0.0749354 0
18 19040 -1.53552 -2 3.75046 4
19 19040 6.2845 6 -0.778428 -1
21 19040 6.89618 7 -0.837393 -1
22 19040 1.71787 2 3.41919 3
24 19040 -5.87776 -6 2.17272 2
03 19045 -1.3537 -1 -1.5544 -2
07 19045 3.09995 3 -0.748535 -1
16 19045 2.11463 2 -1.6928 -2
18 19045 -1.70368 -2 1.62073 2
19 19045 7.01127 7 -1.36645 -1
21 19045 8.26407 8 -1.73539 -2
22 19045 2.04894 2 1.98845 2
24 19045 -4.81361 -5 1.48479 1
03 19050 -1.15033 -1 -1.09414 -1
07 19050 1.58334 2 -0.800949 -1
16 19050 1.35054 1 -2.34511 -2
18 19050 -2.06575 -2 1.96511 2
19 19050 5.86987 6 -0.755906 -1
21 19050 7.43482 7 -0.701445 -1
22 19050 2.86189 3 2.18951 2
24 19050 -3.70112 -4 2.12727 2
03 19055 -2.00637 -2 -2.19647 -2
07 19055 -0.0246987 -0 -0.399246 -0
16 19055 -0.413046 -0 -1.72433 -2
18 19055 -3.45781 -3 1.44589 1
19 19055 4.19037 4 -0.892674 -1
21 19055 6.93349 7 0.0622415 0
22 19055 1.16925 1 1.83408 2
24 19055 -5.03012 -5 2.57319 3
03 19060 -0.361546 -0 -2.61005 -3
07 19060 -0.883897 -1 0.948363 1
16 19060 0.825041 1 0.0163793 0
18 19060 -2.51611 -3 1.62073 2
19 19060 3.7006 4 0.011875 0
21 19060 7.00128 7 0.585152 1
22 19060 1.60331 2 2.50399 3
24 19060 -4.69643 -5 2.74026 3
03 19065 1.00949 1 -2.62028 -3
07 19065 0.388873 0 1.11379 1
16 19065 1.36841 1 0.365669 0
18 19065 -1.35002 -1 2.20998 2
19 19065 4.11732 4 0.617501 1
21 19065 8.50948 9 0.178535 0
22 19065 1.83558 2 3.39421 3
24 19065 -3.72109 -4 2.44543 2
03 19070 1.88235 2 -2.55477 -3
07 19070 -0.0409893 -0 1.35129 1
16 19070 0.810326 1 0.507759 1
18 19070 -1.28433 -1 2.89341 3
19 19070 3.74474 4 1.31321 1
21 19070 7.90462 8 0.571639 1
22 19070 0.957467 1 2.81888 3
24 19070 -4.49253 -4 2.90078 3
03 19075 3.15512 3 -3.62188 -4
07 19075 0.364174 0 -1.2178 -1
16 19075 0.894407 1 -0.28541 -0
18 19075 -0.452459 -0 1.89877 2
19 19075 3.72897 4 0.418082 0
21 19075 8.83897 9 -0.172802 -0
22 19075 0.435117 0 1.71328 2
24 19075 -4.23241 -4 2.31194 2
03 19080 2.50718 3 -3.66078 -4
07 19080 -3.02375 -3 -2.20916 -2
16 19080 -0.945381 -1 -0.575324 -1
18 19080 -0.692614 -1 1.36358 1
19 19080 2.94124 3 1.0581 1
21 19080 6.98079 7 -0.508578 -1
22 19080 -1.83979 -2 1.98558 2
24 19080 -5.15151 -5 1.85455 2
03 19085 1.62854 2 -3.48962 -3
07 19085 -3.86718 -4 -2.89177 -3
16 19085 -1.71262 -2 -0.545022 -1
18 19085 -0.240681 -0 1.53188 2
19 19085 4.13151 4 1.72884 2
21 19085 6.54304 7 -1.24688 -1
22 19085 -2.0894 -2 1.22149 1
24 19085 -4.81151 -5 1.0622 1
03 19090 2.85559 3 -2.26854 -2
07 19090 -1.77463 -2 -2.29761 -2
16 19090 -0.857622 -1 -0.314074 -0
18 19090 1.78671 2 3.30658 3
19 19090 5.89562 6 3.64891 4
21 19090 7.33708 7 -0.837393 -1
22 19090 -1.51135 -2 2.5605 3
24 19090 -4.88771 -5 2.5175 3
03 19095 2.3695 2 -1.02617 -1
07 19095 -0.4698 -0 -2.74886 -3
16 19095 0.527606 1 -0.135539 -0
18 19095 1.41781 1 3.32705 3
19 19095 7.53309 8 3.82826 4
21 19095 7.50472 8 -1.17112 -1
22 19095 -1.1724 -1 2.54084 3
24 19095 -5.23402 -5 1.58798 2
03 19100 2.79253 3 -1.56996 -2
07 19100 1.56705 2 -3.69108 -4
16 19100 1.04996 1 0.00532328 0
18 19100 1.51082 2 2.47655 2
19 19100 8.52419 9 3.18087 3
21 19100 8.27195 8 -1.79231 -2
22 19100 0.384669 0 2.48106 2
24 19100 -4.8546 -5 0.307931 0
03 19105 1.41991 1 -0.870971 -1
07 19105 0.566493 1 -1.32099 -1
16 19105 -0.0746215 -0 1.13632 1
18 19105 0.0315302 0 3.22509 3
19 19105 8.2667 8 4.70128 5
21 19105 7.82527 8 -0.109332 -0
22 19105 -0.51657 -1 3.76807 4
24 19105 -5.74638 -6 1.14328 1
03 19110 1.08411 1 -1.16293 -1
07 19110 0.757251 1 -1.76405 -2
16 19110 0.262752 0 0.913557 1
18 19110 -0.249089 -0 3.13091 3
19 19110 9.51109 10 4.90725 5
21 19110 8.07489 8 -0.0507759 -0
22 19110 0.902815 1 4.01171 4
24 19110 -2.66588 -3 1.37504 1
03 19115 0.320557 0 -0.660906 -1
07 19115 0.545998 1 -1.50321 -2
16 19115 -1.03472 -1 0.763686 1
18 19115 -1.80616 -2 3.64891 4
19 19115 9.27356 9 5.4535 5
21 19115 6.92403 7 0.603578 1
22 19115 0.50606 1 4.79792 5
24 19115 -3.67747 -4 1.43933 1
03 19120 0.879167 1 -0.0262069 -0
07 19120 1.86344 2 -0.142091 -0
16 19120 -0.461392 -0 1.76651 2
18 19120 -1.44356 -1 3.98878 4
19 19120 9.52318 10 5.27251 5
21 19120 7.43745 7 1.52778 2
22 19120 0.797714 1 5.87813 6
24 19120 -2.34164 -2 2.72347 3
03 19125 1.15295 1 0.6261 1
07 19125 2.79253 3 -1.07571 -1
16 19125 0 0 0.818557 1
18 19125 -1.91493 -2 3.75988 4
19 19125 9.26515 9 5.7254 6
21 19125 6.61819 7 2.5003 3
22 19125 0.337373 0 6.62175 7
24 19125 -1.0221 -1 2.4053 2
03 19130 1.51082 2 0.820195 1
07 19130 2.8971 3 0.061832 0
16 19130 1.10881 1 0.324311 0
18 19130 -1.94699 -2 3.57315 4
19 19130 8.70812 9 5.52966 6
21 19130 5.98076 6 2.49252 2
22 19130 0.487667 0 6.41292 6
24 19130 -0.372582 -0 1.43606 1
03 19135 1.94804 2 0.618729 1
07 19135 6.02175 6 -0.183858 -0
16 19135 2.61858 3 -0.500389 -1
18 19135 -1.257 -1 3.6055 4
19 19135 8.42908 8 5.25654 5
21 19135 6.43952 6 2.49293 2
22 19135 0.383618 0 6.16395 6
24 19135 1.93017 2 0.764096 1
03 19140 0.7562 1 0.638794 1
07 19140 5.6066 6 0.496294 0
16 19140 0.810852 1 -1.56177 -2
18 19140 -1.43095 -1 3.70132 4
19 19140 6.23773 6 4.63207 5
21 19140 5.60975 6 2.11989 2
22 19140 -1.38523 -1 6.32324 6
24 19140 0.97586 1 0.437738 0
03 19145 2.16035 2 0.276811 0
07 19145 6.85835 7 0.086401 0
16 19145 1.58334 2 -2.4311 -2
18 19145 -0.168687 -0 3.32582 3
19 19145 5.9261 6 3.01339 3
21 19145 6.28029 6 0.9672 1
22 19145 -1.64798 -2 5.56856 6
24 19145 2.71843 3 -0.371811 -0
03 19150 2.92863 3 -1.75586 -2
07 19150 5.63392 6 -1.08677 -1
16 19150 1.76359 2 -3.33811 -3
18 19150 -1.03314 -1 2.9491 3
19 19150 5.23559 5 2.30293 2
21 19150 6.73012 7 0.0335776 0
22 19150 -2.68427 -3 4.03996 4
24 19150 0.72572 1 -0.407436 -0
03 19155 4.59238 5 -1.45326 -1
07 19155 6.43216 6 -0.0823061 -0
16 19155 2.57759 3 -3.69927 -4
18 19155 0.322659 0 3.68944 4
19 19155 4.87615 5 2.5863 3
21 19155 9.26936 9 0.682609 1
22 19155 -1.43725 -1 3.5408 4
24 19155 1.68792 2 -0.0495475 -0
03 19160 3.91448 4 -2.0769 -2
07 19160 7.35442 7 -0.671962 -1
16 19160 1.36263 1 -4.63863 -5
18 19160 1.01054 1 3.70009 4
19 19160 4.81098 5 1.32468 1
21 19160 9.19736 9 0.214569 0
22 19160 -1.63169 -2 2.32013 2
24 19160 1.26751 1 -0.154785 -0
03 19165 1.68634 2 -3.07399 -3
07 19165 3.49933 3 -0.186315 -0
16 19165 -0.236477 -0 -4.98833 -5
18 19165 -0.410418 -0 3.02158 3
19 19165 2.80251 3 0.438557 0
21 19165 7.48002 7 0.269031 0
22 19165 -2.87818 -3 1.19815 1
24 19165 -1.65271 -2 -1.65308 -2
03 19170 1.51976 2 -3.40199 -3
07 19170 1.93963 2 0.201466 0
16 19170 -0.394653 -0 -5.35973 -5
18 19170 -0.6779 -1 2.72757 3
19 19170 1.47877 1 -0.28541 -0
21 19170 7.84156 8 0.122026 0
22 19170 -2.51506 -3 0.373858 0
24 19170 -2.38841 -2 -2.47983 -2
03 19175 1.59228 2 -3.92408 -4
07 19175 2.04263 2 1.59862 2
16 19175 -0.0998457 -0 -5.33843 -5
18 19175 0.402536 0 2.93804 3
19 19175 2.6107 3 0.559354 1
21 19175 9.05916 9 0.651078 1
22 19175 -0.773016 -1 0.137586 0
24 19175 -2.67586 -3 -1.18054 -1
03 19180 1.26016 1 -3.62516 -4
07 19180 1.33951 1 0.897997 1
16 19180 0.682104 1 -5.77863 -6
18 19180 -0.155024 -0 3.00274 3
19 19180 3.09889 3 1.05196 1
21 19180 9.30509 9 0.24528 0
22 19180 -0.48504 -0 0.598255 1
24 19180 -3.4657 -3 -2.75009 -3
03 19185 0.572273 1 -3.65628 -4
07 19185 0.212303 0 0.818148 1
16 19185 0.4698 0 -4.61283 -5
18 19185 -1.41413 -1 2.91429 3
19 19185 3.22712 3 1.50403 2
21 19185 9.06126 9 -0.409483 -0
22 19185 -0.382041 -0 1.05606 1
24 19185 -3.09732 -3 -3.15957 -3
03 19190 -0.289027 -0 -1.75464 -2
07 19190 0.186028 0 0.188362 0
16 19190 0.935922 1 -3.57725 -4
18 19190 -1.2817 -1 4.08746 4
19 19190 3.18297 3 2.92535 3
21 19190 8.56728 9 0.149052 0
22 19190 0.70943 1 1.55522 2
24 19190 -4.10103 -4 -2.66164 -3
03 19195 0.360495 0 -1.99951 -2
07 19195 -0.342103 -0 -0.720691 -1
16 19195 2.53293 3 -3.43352 -3
18 19195 -0.629553 -1 4.20294 4
19 19195 4.31544 4 3.11699 3
21 19195 8.5263 9 -0.305065 -0
22 19195 3.83407 4 1.66209 2
24 19195 -3.29911 -3 -1.82056 -2
03 19200 0.100897 0 -1.54867 -2
07 19200 -1.14507 -1 -1.50895 -2
16 19200 3.35587 3 -3.2083 -3
18 19200 -0.705226 -1 4.31923 4
19 19200 4.46941 4 2.83281 3
21 19200 7.26719 7 -0.420949 -0
22 19200 4.13256 4 1.73416 2
24 19200 -1.55286 -2 -2.61824 -3
03 19205 -0.95011 -1 -1.41026 -1
07 19205 -0.405163 -0 -1.85291 -2
16 19205 2.22551 2 -2.98431 -3
18 19205 -0.107203 -0 4.68572 5
19 19205 5.14993 5 2.55026 3
21 19205 5.99705 6 0.4361 0
22 19205 4.29231 4 1.46063 1
24 19205 -2.38053 -2 -3.18005 -3
03 19210 -0.819786 -1 -0.410302 -0
07 19210 -2.05314 -2 -0.226035 -0
16 19210 0.742537 1 -2.89423 -3
18 19210 -0.33895 -0 4.266 4
19 19210 4.17092 4 2.32709 2
21 19210 3.56397 4 -0.135539 -0
22 19210 2.47407 2 2.13955 2
24 19210 -4.97074 -5 -3.74841 -4
03 19215 -0.664236 -1 0.651488 1
07 19215 -3.1835 -3 0.636747 1
16 19215 -0.810852 -1 -1.35375 -1
18 19215 -1.32006 -1 3.85692 4
19 19215 3.86666 4 2.63175 3
21 19215 2.64066 3 -0.945906 -1
22 19215 1.2528 1 2.86229 3
24 19215 -6.44162 -6 -5.03828 -5
03 19220 -1.5392 -2 0.127349 0
07 19220 -5.91927 -6 0.445108 0
16 19220 -1.76096 -2 -1.20634 -1
18 19220 -2.86032 -3 3.62188 4
19 19220 2.10674 2 3.27259 3
21 19220 1.68634 2 -1.78289 -2
22 19220 -0.452984 -0 2.57237 3
24 19220 -7.5662 -8 -6.16313 -6
03 19225 1.01054 1 0.526596 1
07 19225 -4.38165 -4 0.0503664 0
16 19225 -0.280619 -0 0.818557 1
18 19225 -1.96486 -2 3.51132 4
19 19225 2.46356 2 3.81147 4
21 19225 2.78569 3 -1.55726 -2
22 19225 -0.900188 -1 4.17755 4
24 19225 -7.62243 -8 -5.0133 -5
03 19230 3.21135 3 -0.296056 -0
07 19230 -1.35265 -1 -0.0397199 -0
16 19230 0.492397 0 0.954506 1
18 19230 -1.04891 -1 2.61742 3
19 19230 2.35373 2 4.28401 4
21 19230 3.68536 4 -1.11789 -1
22 19230 -0.173416 -0 5.21477 5
24 19230 -7.97609 -8 -5.60296 -6
03 19235 3.72004 4 -0.631014 -1
07 19235 -0.876014 -1 -0.0192457 -0
16 19235 0.128223 0 2.06707 2
18 19235 -1.50294 -2 2.27796 2
19 19235 2.57812 3 4.76761 5
21 19235 3.99435 4 -0.135539 -0
22 19235 -1.43042 -1 5.50141 6
24 19235 -6.67757 -7 -3.94865 -4
03 19240 2.1388 2 -2.75664 -3
07 19240 -1.72943 -2 -0.606035 -1
16 19240 0.434591 0 0.893902 1
18 19240 -3.07998 -3 0.503664 1
19 19240 2.09045 2 4.32455 4
21 19240 4.33067 4 -1.15474 -1
22 19240 -1.80668 -2 3.64031 4
24 19240 -5.64496 -6 -4.8491 -5
03 19245 1.92387 2 -2.44011 -2
07 19245 -3.0495 -3 0.164612 0
16 19245 1.09778 1 1.62974 2
18 19245 -2.61333 -3 0.889398 1
19 19245 2.75784 3 5.37733 5
21 19245 4.26919 4 -0.416444 -0
22 19245 -2.22919 -2 5.31468 5
24 19245 -4.0469 -4 -5.08169 -5
03 19250 3.8593 4 -3.25048 -3
07 19250 -0.522351 -1 -0.169526 -0
16 19250 2.85454 3 1.71369 2
18 19250 -1.48875 -1 0.985626 1
19 19250 4.255 4 4.50514 5
21 19250 3.89661 4 -0.098276 -0
22 19250 -0.789306 -1 4.95802 5
24 19250 -2.52715 -3 -5.39904 -5
03 19255 4.51618 5 -5.02067 -5
07 19255 -1.57756 -2 -1.01265 -1
16 19255 3.2597 3 0.025388 0
18 19255 -0.140309 -0 -0.439376 -0
19 19255 4.6733 5 3.03714 3
21 19255 3.2061 3 -1.65677 -2
22 19255 -1.91441 -2 3.77994 4
24 19255 -2.11042 -2 -5.23606 -5
03 19260 5.06691 5 -4.55182 -5
07 19260 -2.36477 -2 -0.931165 -1
16 19260 3.61652 4 -0.761639 -1
18 19260 0.735705 1 -0.579419 -1
19 19260 5.32545 5 2.55067 3
21 19260 3.02059 3 -0.837393 -1
22 19260 -1.75728 -2 3.32459 3
24 19260 -0.373633 -0 -4.48057 -4
03 19265 4.72848 5 -3.88067 -4
07 19265 0.989523 1 0.0671553 0
16 19265 4.13834 4 -0.640022 -1
18 19265 1.16031 1 0.292371 0
19 19265 4.7248 5 2.59408 3
21 19265 3.56186 4 -0.374677 -0
22 19265 -0.825566 -1 3.85283 4
24 19265 0.64164 1 -4.09074 -4
03 19270 4.48412 4 -3.89623 -4
07 19270 3.82829 4 1.49748 1
16 19270 4.62443 5 -1.58798 -2
18 19270 2.08888 2 0.543794 1
19 19270 5.53513 6 1.88117 2
21 19270 4.86616 5 -0.410302 -0
22 19270 0.117713 0 3.06662 3
24 19270 0.931718 1 -4.71807 -5
03 19275 4.32227 4 -3.83563 -4
07 19275 3.14566 3 0.237091 0
16 19275 4.89139 5 -1.71819 -2
18 19275 1.05469 1 0.637975 1
19 19275 4.94551 5 1.92048 2
21 19275 4.67593 5 -0.375496 -0
22 19275 -0.0798765 -0 3.52565 4
24 19275 0.21388 0 -5.56447 -6
03 19280 4.39846 4 -3.21281 -3
07 19280 5.35541 5 -0.714958 -1
16 19280 6.46685 6 -1.62401 -2
18 19280 1.49401 1 0.131854 0
19 19280 6.37436 6 1.87748 2
21 19280 5.68174 6 -0.994635 -1
22 19280 1.32112 1 2.70873 3
24 19280 2.2912 2 -4.51251 -5
03 19285 4.22242 4 -3.43679 -3
07 19285 5.12103 5 -3.44826 -3
16 19285 6.15522 6 -1.52819 -2
18 19285 0.497652 0 -1.45121 -1
19 19285 7.30292 7 0.664182 1
21 19285 5.99337 6 -3.10962 -3
22 19285 1.58544 2 1.31157 1
24 19285 2.82143 3 -5.36914 -5
03 19290 3.68641 4 -4.27173 -4
07 19290 4.07108 4 -3.04451 -3
16 19290 5.79 6 -0.635518 -1
18 19290 -0.325287 -0 -1.08718 -1
19 19290 8.85316 9 0.778428 1
21 19290 6.15102 6 -3.53056 -4
22 19290 1.13036 1 -0.226035 -0
24 19290 3.08996 3 -4.28483 -4
03 19295 3.87717 4 -3.97772 -4
07 19295 3.43206 3 -2.76196 -3
16 19295 6.92509 7 -1.01593 -1
18 19295 0.06779 0 -1.07203 -1
19 19295 11.1827 11 0.826337 1
21 19295 6.85046 7 -3.25212 -3
22 19295 1.27382 1 0.194505 0
24 19295 4.21244 4 -5.10748 -5
03 19300 4.20298 4 -5.25121 -5
07 19300 2.74313 3 -3.13787 -3
16 19300 6.12369 6 -2.79759 -3
18 19300 -1.19027 -1 -2.17804 -2
19 19300 10.5968 11 0.0171983 0
21 19300 5.38116 5 -4.23856 -4
22 19300 1.04943 1 -0.25388 -0
24 19300 4.47466 4 -6.24216 -6
03 19305 3.64752 4 -4.93223 -5
07 19305 1.67636 2 -2.87826 -3
16 19305 4.92502 5 -3.72835 -4
18 19305 -1.19342 -1 -2.41186 -2
19 19305 9.6535 10 -0.648212 -1
21 19305 4.14149 4 -4.04774 -4
22 19305 0.0998457 0 -0.809958 -1
24 19305 5.19723 5 -6.18074 -6
03 19310 3.20925 3 -3.89828 -4
07 19310 -1.55286 -2 -1.50321 -2
16 19310 4.19562 4 -2.05888 -2
18 19310 -1.10461 -1 -1.03313 -1
19 19310 8.74806 9 0.0511854 0
21 19310 3.08944 3 -3.68166 -4
22 19310 -0.36575 -0 0.255108 0
24 19310 3.70427 4 -4.38229 -4
03 19315 2.80934 3 -2.1805 -2
07 19315 -2.98591 -3 0.406617 0
16 19315 3.91237 4 -1.57364 -2
18 19315 -1.50189 -2 -0.775152 -1
19 19315 7.95034 8 0.99832 1
21 19315 3.26916 3 -2.50931 -3
22 19315 0.953789 1 1.57774 2
24 19315 4.03639 4 -3.29143 -3
03 19320 3.44625 3 -2.84755 -3
07 19320 -0.456137 -0 1.0278 1
16 19320 6.16836 6 -1.2178 -1
18 19320 -0.650573 -1 -0.409483 -0
19 19320 8.1101 8 1.49707 1
21 19320 5.27921 5 -3.17595 -3
22 19320 1.89549 2 2.21326 2
24 19320 6.32811 6 -4.31923 -4
03 19325 2.89185 3 -3.88804 -4
07 19325 0.378363 0 0.892264 1
16 19325 5.61868 6 -1.8738 -2
18 19325 -1.01527 -1 -0.545022 -1
19 19325 6.77427 7 1.36849 1
21 19325 5.36381 5 -3.04369 -3
22 19325 1.18081 1 1.88321 2
24 19325 5.37643 5 -4.32701 -4
03 19330 2.99747 3 -3.07972 -3
07 19330 -1.81824 -2 3.00479 3
16 19330 5.21667 5 -1.10233 -1
18 19330 -1.28591 -1 0.87138 1
19 19330 6.98972 7 3.13951 3
21 19330 5.19565 5 -1.17522 -1
22 19330 1.0652 1 3.00233 3
24 19330 5.63655 6 -3.10225 -3
03 19335 3.5976 4 -1.38037 -1
07 19335 -2.71265 -3 3.15015 3
16 19335 6.64236 7 -0.714139 -1
18 19335 -0.49082 -0 2.07199 2
19 19335 7.59615 8 3.4327 3
21 19335 7.26666 7 0.0323492 0
22 19335 1.59806 2 4.26313 4
24 19335 6.1321 6 -1.18054 -1
03 19340 2.41416 2 -0.655583 -1
07 19340 -4.99544 -5 3.10634 3
16 19340 5.60187 6 -0.489333 -0
18 19340 -2.82984 -3 2.40899 2
19 19340 5.24137 5 2.64403 3
21 19340 5.90929 6 -0.0147414 -0
22 19340 0.810852 1 3.46628 3
24 19340 2.46251 2 -0.317759 -0
03 19345 -0.404638 -0 -0.141272 -0
07 19345 -6.34913 -6 2.05028 2
16 19345 3.83618 4 -1.00815 -1
18 19345 -5.01015 -5 2.30621 2
19 19345 3.16774 3 2.22882 2
21 19345 4.76842 5 -0.216207 -0
22 19345 0.420403 0 2.31358 2
24 19345 -0.00683155 -0 0.37263 0
03 19350 -0.526029 -1 -1.00569 -1
07 19350 -6.80212 -7 3.17554 3
16 19350 3.64805 4 -0.502027 -1
18 19350 -5.78947 -6 2.9491 3
19 19350 3.29018 3 3.60878 4
21 19350 6.03278 6 0.350927 0
22 19350 0.409893 0 2.25093 2
24 19350 1.00529 1 0.0413578 0
03 19355 2.42572 2 -0.147004 -0
07 19355 -5.43528 -5 2.92862 3
16 19355 4.0695 4 1.02944 1
18 19355 -3.9933 -4 3.36513 3
19 19355 5.92978 6 4.38352 4
21 19355 7.2756 7 1.36276 1
22 19355 3.30069 3 2.09451 2
24 19355 2.24495 2 2.28737 2
03 19360 3.40842 3 1.16498 1
07 19360 -5.55773 -6 3.28242 3
16 19360 3.77784 4 2.23865 2
18 19360 -4.03744 -4 4.03955 4
19 19360 6.80002 7 5.73113 6
21 19360 7.20781 7 1.23173 1
22 19360 3.16038 3 2.2714 2
24 19360 3.45781 3 3.18128 3
03 19365 3.9912 4 1.00201 1
07 19365 -7.94141 -8 1.79477 2
16 19365 3.25444 3 2.36886 2
18 19365 -3.99593 -4 5.14925 5
19 19365 7.23461 7 6.02882 6
21 19365 7.0675 7 1.21617 1
22 19365 2.49719 2 3.42246 3
24 19365 3.98962 4 3.72794 4
03 19370 2.97803 3 0.458212 0
07 19370 -9.88945 -10 -0.344375 -0
16 19370 2.37475 2 0.992587 1
18 19370 -4.88245 -5 4.53953 5
19 19370 6.2083 6 5.86667 6
21 19370 6.37909 6 -0.47541 -0
22 19370 1.9554 2 2.21694 2
24 19370 1.76254 2 3.18578 3
03 19375 1.84347 2 0.178125 0
07 19375 -10.2999 -10 0.839031 1
16 19375 1.90285 2 -0.440604 -0
18 19375 -4.22505 -4 4.12923 4
19 19375 6.33337 6 6.91003 7
21 19375 6.10372 6 -1.46472 -1
22 19375 1.74099 2 1.83817 2
24 19375 3.33222 3 3.0011 3
03 19380 2.54501 3 0.178944 0
07 19380 -8.81375 -9 1.43647 1
16 19380 2.555 3 0.678514 1
18 19380 -3.28808 -3 4.96744 5
19 19380 7.08431 7 7.78223 8
21 19380 6.29343 6 -0.720691 -1
22 19380 1.69054 2 1.39183 1
24 19380 2.86032 3 5.26677 5
03 19385 4.13414 4 0.664182 1
07 19385 -7.13266 -7 1.55931 2
16 19385 3.4473 3 0.996682 1
18 19385 -1.13929 -1 5.1038 5
19 19385 8.93041 9 8.08934 8
21 19385 7.75013 8 -0.728061 -1
22 19385 3.7316 4 1.99582 2
24 19385 3.59602 4 6.03496 6
03 19390 2.42783 2 0.397608 0
07 19390 -8.61458 -9 2.2583 2
16 19390 2.73787 3 0.750583 1
18 19390 -2.17401 -2 4.80651 5
19 19390 6.65393 7 7.7724 8
21 19390 5.96919 6 -0.815281 -1
22 19390 3.02165 3 1.84513 2
24 19390 2.83824 3 7.17333 7
03 19395 2.57497 3 -1.46104 -1
07 19395 -8.13374 -8 3.55145 4
16 19395 2.62174 3 0.559354 1
18 19395 -2.85506 -3 3.42287 3
19 19395 6.21198 6 6.98169 7
21 19395 5.7921 6 -1.02248 -1
22 19395 2.06155 2 2.42905 2
24 19395 3.64647 4 6.19917 6
03 19400 3.46727 3 -2.74149 -3
07 19400 -7.07958 -7 3.68944 4
16 19400 3.56081 4 -0.705949 -1
18 19400 -1.89549 -2 1.9 2
19 19400 6.86518 7 4.90684 5
21 19400 5.43476 5 -1.76528 -2
22 19400 2.45095 2 1.9041 2
24 19400 4.19404 4 6.56197 7
03 19405 2.24758 2 -3.33647 -3
07 19405 -8.20784 -8 3.23656 3
16 19405 3.28177 3 -0.772695 -1
18 19405 -2.01688 -2 1.09004 1
19 19405 5.5015 6 3.368 3
21 19405 3.77154 4 -1.78535 -2
22 19405 1.63747 2 1.6838 2
24 19405 3.20925 3 7.68477 8
03 19410 1.14717 1 -3.0658 -3
07 19410 -8.95143 -9 3.71852 4
16 19410 2.56078 3 -0.368125 -0
18 19410 -2.47512 -2 0.447156 0
19 19410 5.53986 6 2.21735 2
21 19410 2.28909 2 -1.78699 -2
22 19410 0.853943 1 2.323 2
24 19410 2.71055 3 7.91285 8
03 19415 0.182875 0 -2.03554 -2
07 19415 -8.56255 -9 4.51005 5
16 19415 2.60807 3 1.38283 1
18 19415 -2.86662 -3 -0.0720691 -0
19 19415 5.04904 5 1.17481 1
21 19415 1.50504 2 -2.47942 -2
22 19415 0.826092 1 2.64199 3
24 19415 3.59655 4 8.99021 9
03 19420 -1.22442 -1 -1.98886 -2
07 19420 -7.25195 -7 4.18983 4
16 19420 1.18711 1 1.60354 2
18 19420 -3.01219 -3 0.0315302 0
19 19420 4.73741 5 0.825109 1
21 19420 0.93382 1 -2.52774 -3
22 19420 0.207048 0 2.62602 3
24 19420 3.71584 4 9.52581 10
03 19425 -1.51976 -2 -2.63298 -3
07 19425 -8.72336 -9 2.57606 3
16 19425 -0.666338 -1 0.675647 1
18 19425 -3.64962 -4 0.539289 1
19 19425 3.369 3 -0.000818967 -0
21 19425 -0.588038 -1 -2.74395 -3
22 19425 -0.813479 -1 3.39503 3
24 19425 3.77417 4 10.1093 10
03 19430 1.17397 1 -2.80783 -3
07 19430 -6.68441 -7 2.63666 3
16 19430 0.43827 0 0.959419 1
18 19430 -2.25388 -2 0.809548 1
19 19430 5.07058 5 -0.194914 -0
21 19430 0.864453 1 -2.48884 -2
22 19430 -0.606957 -1 4.41955 4
24 19430 7.38332 7 9.2232 9
03 19435 1.42464 1 -2.8324 -3
07 19435 -5.63287 -6 0.745669 1
16 19435 -0.000525504 -0 1.11789 1
18 19435 -2.04158 -2 1.5458 2
19 19435 4.52406 5 -0.270259 -0
21 19435 1.75045 2 -2.05274 -2
22 19435 -0.160804 -0 5.00348 5
24 19435 9.28775 9 7.94684 8
03 19440 1.04785 1 -1.82425 -2
07 19440 -6.21093 -6 1.93849 2
16 19440 -1.72523 -2 1.14737 1
18 19440 -2.54659 -3 2.4958 2
19 19440 4.42737 4 -0.0872199 -0
21 19440 1.63484 2 -2.02039 -2
22 19440 -0.624298 -1 5.1816 5
24 19440 7.78166 8 8.00335 8
03 19445 1.48245 1 -2.4741 -2
07 19445 -6.45056 -6 1.95938 2
16 19445 -1.40152 -1 1.14737 1
18 19445 -2.28384 -2 3.30862 3
19 19445 5.35278 5 -0.115065 -0
21 19445 2.75154 3 -2.45731 -2
22 19445 -0.748317 -1 5.69796 6
24 19445 8.31609 8 8.3465 8
03 19450 1.85713 2 -3.39052 -3
07 19450 -5.45262 -5 0.513902 1
16 19450 -1.42937 -1 -0.575324 -1
18 19450 -2.30118 -2 2.74477 3
19 19450 5.75374 6 -0.316531 -0
21 19450 2.04841 2 -3.48839 -3
22 19450 -1.01422 -1 3.85979 4
24 19450 7.00023 7 6.79128 7
03 19455 2.82721 3 -3.39748 -3
07 19455 -3.5955 -4 0.0368535 0
16 19455 -1.25753 -1 -0.8161 -1
18 19455 -2.88239 -3 3.43434 3
19 19455 6.72066 7 -0.141681 -0
21 19455 1.99166 2 -3.411 -3
22 19455 -0.381516 -0 3.21895 3
24 19455 9.4207 9 5.3368 5
03 19460 3.47988 3 -3.02526 -3
07 19460 -2.92022 -3 -0.802587 -1
16 19460 -0.10983 -0 -0.479914 -0
18 19460 -2.53083 -3 4.00475 4
19 19460 7.82738 8 0.310798 0
21 19460 1.64588 2 -3.71197 -4
22 19460 0.38099 0 3.2644 3
24 19460 9.03393 9 5.58126 6
03 19465 3.98121 4 -1.97289 -2
07 19465 -1.7783 -2 -0.368535 -0
16 19465 1.83296 2 0.967609 1
18 19465 -1.57651 -2 5.08537 5
19 19465 8.35235 8 0.793579 1
21 19465 2.36161 2 -2.47737 -2
22 19465 1.25648 1 3.56537 4
24 19465 9.42491 9 6.72494 7
03 19470 3.95231 4 -1.11625 -1
07 19470 -2.39314 -2 0.098276 0
16 19470 2.7426 3 1.83735 2
18 19470 -1.98167 -2 5.75529 6
19 19470 8.35498 8 0.469268 0
21 19470 2.02529 2 -2.2194 -2
22 19470 2.70109 3 3.34097 3
24 19470 8.45798 8 6.9002 7
03 19475 2.57444 3 -1.11625 -1
07 19475 -3.54925 -4 -1.0966 -1
16 19475 1.73416 2 2.13873 2
18 19475 -2.90025 -3 6.69915 7
19 19475 8.22045 8 1.91597 2
21 19475 1.69265 2 -1.12198 -1
22 19475 1.67793 2 4.30408 4
24 19475 6.00808 6 6.72372 7
03 19480 2.1162 2 -0.297694 -0
07 19480 -2.99117 -3 -2.08673 -2
16 19480 2.5818 3 1.25793 1
18 19480 -2.75259 -3 6.04766 6
19 19480 8.7901 9 1.8525 2
21 19480 1.47194 1 -0.621596 -1
22 19480 2.02161 2 3.76233 4
24 19480 5.99127 6 5.268 5
03 19485 2.88134 3 0.576552 1
07 19485 -2.69741 -3 -1.08349 -1
16 19485 2.10307 2 0.739936 1
18 19485 -3.43522 -3 5.03951 5
19 19485 8.61248 9 1.76446 2
21 19485 1.6648 2 -0.888169 -1
22 19485 1.82034 2 3.35326 3
24 19485 5.78947 6 3.79591 4
03 19490 3.90817 4 -0.0970475 -0
07 19490 -2.61175 -3 -0.1425 -0
16 19490 2.95911 3 0.696531 1
18 19490 -3.53769 -4 4.75246 5
19 19490 9.11538 9 1.85742 2
21 19490 2.43045 2 -0.405798 -0
22 19490 2.32483 2 2.10352 2
24 19490 5.32966 5 2.13586 2
03 19495 2.43256 2 0.224806 0
07 19495 -2.87398 -3 0.133492 0
16 19495 2.72158 3 0.185496 0
18 19495 -4.22137 -4 4.24307 4
19 19495 7.83683 8 2.52938 3
21 19495 1.51818 2 -0.129806 -0
22 19495 1.82034 2 1.42173 1
24 19495 2.60334 3 2.68785 3
03 19500 0.925412 1 1.38446 1
07 19500 -2.98171 -3 0.326768 0
16 19500 1.3847 1 0.153147 0
18 19500 -3.52928 -4 4.78399 5
19 19500 7.47476 7 2.85778 3
21 19500 1.09778 1 0.891445 1
22 19500 1.35422 1 1.26817 1
24 19500 2.07469 2 2.04578 2
03 19505 0.95484 1 0.75263 1
07 19505 -1.43568 -1 1.21862 1
16 19505 1.82087 2 0.211293 0
18 19505 -1.43095 -1 5.50632 6
19 19505 7.47003 7 3.2988 3
21 19505 1.70789 2 1.36972 1
22 19505 0.969554 1 1.03763 1
24 19505 2.82721 3 3.43516 3
03 19510 0.869708 1 0.874247 1
07 19510 -2.49614 -2 0.0671553 0
16 19510 1.40362 1 0.434052 0
18 19510 0.365225 0 4.47197 4
19 19510 7.39383 7 2.18664 2
21 19510 2.20501 2 0.38819 0
22 19510 1.3579 1 0.19 0
24 19510 2.92548 3 3.3766 3
03 19515 -0.122442 -0 1.73089 2
07 19515 -3.08733 -3 0.458621 0
16 19515 1.66164 2 0.991359 1
18 19515 1.329 1 4.63904 5
19 19515 7.58617 8 2.95278 3
21 19515 2.12409 2 1.87789 2
22 19515 1.49033 1 1.00979 1
24 19515 2.92758 3 2.99414 3
03 19520 0.35997 0 1.81892 2
07 19520 -4.48412 -4 2.07239 2
16 19520 1.02526 1 1.62442 2
18 19520 1.44829 1 4.82658 5
19 19520 5.69278 6 2.92248 3
21 19520 3.50196 4 2.08263 2
22 19520 1.55707 2 2.73084 3
24 19520 2.34164 2 4.27132 4
03 19525 0.300063 0 1.49093 1
07 19525 -5.33596 -5 2.04455 2
16 19525 -0.317404 -0 2.24724 2
18 19525 0.843959 1 5.29912 5
19 19525 3.74999 4 2.30457 2
21 19525 3.04582 3 2.62151 3
22 19525 0.539692 1 3.34712 3
24 19525 1.39048 1 4.84337 5
03 19530 0.736756 1 1.14532 1
07 19530 -5.83834 -6 2.85696 3
16 19530 0.592768 1 2.31399 2
18 19530 1.42884 1 4.94656 5
19 19530 4.327 4 2.5691 3
21 19530 2.93862 3 2.34634 2
22 19530 1.12668 1 3.70378 4
24 19530 1.17082 1 4.75164 5
03 19535 2.47249 2 0.257974 0
07 19535 -4.70851 -5 4.00475 4
16 19535 1.31481 1 2.41104 2
18 19535 1.24912 1 3.98632 4
19 19535 6.26032 6 3.12026 3
21 19535 2.22235 2 1.47619 1
22 19535 1.96801 2 3.82171 4
24 19535 0.825566 1 5.1472 5
03 19540 2.35163 2 0.0810777 0
07 19540 -5.2214 -5 4.15544 4
16 19540 1.08779 1 3.00929 3
18 19540 -0.945906 -1 3.82498 4
19 19540 6.00283 6 2.78981 3
21 19540 1.77095 2 1.52492 2
22 19540 1.566 2 3.3766 3
24 19540 -1.09357 -1 6.36624 6
03 19545 0.818735 1 -0.0438147 -0
07 19545 -6.17151 -6 4.09033 4
16 19545 0.329491 0 3.63498 4
18 19545 -2.32325 -2 3.45768 3
19 19545 4.97337 5 3.49863 3
21 19545 1.72891 2 1.69362 2
22 19545 0.0488718 0 3.60591 4
24 19545 -1.54708 -2 6.70201 7
03 19550 2.09728 2 1.29438 1
07 19550 -3.97491 -4 4.2574 4
16 19550 1.73942 2 4.06535 4
18 19550 -2.24653 -2 3.16285 3
19 19550 7.19047 7 4.34707 4
21 19550 2.1924 2 1.90696 2
22 19550 -0.624824 -1 4.34011 4
24 19550 -0.943279 -1 6.22251 6
03 19555 1.95382 2 0.375496 0
07 19555 -3.27599 -3 4.22751 4
16 19555 2.9176 3 4.45968 4
18 19555 -2.42047 -2 3.39175 3
19 19555 7.22462 7 4.64436 5
21 19555 2.91602 3 1.11216 1
22 19555 -0.138733 -0 3.32705 3
24 19555 -1.14297 -1 6.11727 6
03 19560 2.82616 3 0.0790303 0
07 19560 -1.94541 -2 3.24556 3
16 19560 4.06057 4 3.60796 4
18 19560 -2.39682 -2 3.04164 3
19 19560 6.13105 6 3.55186 4
21 19560 4.60919 5 0.981531 1
22 19560 -0.714159 -1 2.02735 2
24 19560 -2.7673 -3 5.24589 5
03 19565 3.35587 3 -0.223578 -0
07 19565 -1.84399 -2 2.14201 2
16 19565 3.48724 3 3.23246 3
18 19565 -1.28748 -1 1.80255 2
19 19565 4.56347 5 2.92289 3
21 19565 3.90922 4 -0.0151509 -0
22 19565 -1.88498 -2 1.14614 1
24 19565 -4.59395 -5 4.23938 4
03 19570 4.06267 4 -1.15966 -1
07 19570 -0.489244 -0 1.52614 2
16 19570 2.3737 2 2.84755 3
18 19570 -1.6648 -2 0.690798 1
19 19570 3.62808 4 2.82543 3
21 19570 4.23608 4 -0.469677 -0
22 19570 -1.74782 -2 0.609311 1
24 19570 -5.80156 -6 2.96507 3
03 19575 3.24656 3 -2.44543 -2
07 19575 0.129799 0 0.568772 1
16 19575 1.38365 1 2.1244 2
18 19575 -2.03055 -2 -0.705949 -1
19 19575 3.06894 3 2.64813 3
21 19575 3.93129 4 -1.64735 -2
22 19575 -1.78146 -2 0.269849 0
24 19575 -4.5929 -5 1.15556 1
03 19580 3.32328 3 -2.85737 -3
07 19580 1.37209 1 1.76856 2
16 19580 0.513942 1 1.58388 2
18 19580 -1.03524 -1 -1.31485 -1
19 19580 3.8903 4 3.15957 3
21 19580 4.11522 4 -2.10393 -2
22 19580 -1.52081 -2 0.945906 1
24 19580 -3.52613 -4 0.58638 1
03 19585 2.689 3 -3.95192 -4
07 19585 1.65113 2 0.413578 0
16 19585 -0.636385 -1 0.281724 0
18 19585 -1.34792 -1 -2.80906 -3
19 19585 3.5503 4 2.70505 3
21 19585 2.10096 2 -3.29962 -3
22 19585 -1.2528 -1 -0.132263 -0
24 19585 -3.66644 -4 -0.532328 -1
03 19590 0.831872 1 -4.37738 -4
07 19590 1.41728 1 -0.27763 -0
16 19590 -1.24124 -1 -0.637565 -1
18 19590 -2.21447 -2 -2.95156 -3
19 19590 4.62653 5 1.73785 2
21 19590 1.49874 1 -3.5666 -4
22 19590 -1.45564 -1 -0.482781 -0
24 19590 -3.33642 -3 -1.35007 -1
03 19595 -0.548626 -1 -5.08046 -5
07 19595 1.59753 2 -1.66987 -2
16 19595 -0.718889 -1 -1.6322 -2
18 19595 -2.7878 -3 -2.96056 -3
19 19595 4.91924 5 0.571639 1
21 19595 1.06362 1 -4.06453 -4
22 19595 -1.3826 -1 -1.09168 -1
24 19595 -2.67429 -3 -4.18369 -4
03 19600 0.16133 0 -4.90192 -5
07 19600 4.17828 4 -1.49175 -1
16 19600 0.378888 0 -2.28819 -2
18 19600 -0.806122 -1 -2.95606 -3
19 19600 6.92666 7 -0.0720691 -0
21 19600 1.41781 1 -3.89705 -4
22 19600 -0.973758 -1 -0.983579 -1
24 19600 -0.279568 -0 -3.09365 -3
03 19605 1.14192 1 -4.37328 -4
07 19605 4.54508 5 -1.12935 -1
16 19605 -0.705226 -1 -1.47823 -1
18 19605 -0.487667 -0 -2.38647 -2
19 19605 6.28765 6 -0.0945906 -0
21 19605 1.94121 2 -3.76028 -4
22 19605 -0.739383 -1 -1.06588 -1
24 19605 -0.0299537 -0 -4.4388 -4
03 19610 0.0951161 0 -3.68535 -4
07 19610 3.17982 3 -0.666639 -1
16 19610 -0.781424 -1 -0.996273 -1
18 19610 -0.541269 -1 -1.65841 -2
19 19610 5.49256 5 -0.778018 -1
21 19610 0.075147 0 -3.5105 -4
22 19610 -1.45775 -1 -0.608083 -1
24 19610 -0.988998 -1 -4.54608 -5
03 19615 1.34319 1 -2.04946 -2
07 19615 4.49516 4 0.0626509 0
16 19615 -0.738858 -1 -0.761229 -1
18 19615 0.146615 0 -0.739527 -1
19 19615 7.67708 8 -0.827566 -1
21 19615 2.70477 3 -2.4225 -2
22 19615 0.87181 1 0.048319 0
24 19615 2.03895 2 -4.22914 -4
03 19620 0.791934 1 -0.977846 -1
07 19620 5.92085 6 0.233815 0
16 19620 0.6264 1 0.229311 0
18 19620 1.10618 1 0.906187 1
19 19620 9.33399 9 0.164203 0
21 19620 5.11735 5 -2.55927 -3
22 19620 2.2481 2 1.36604 1
24 19620 2.35268 2 -3.34589 -3
03 19625 0.429336 0 -1.01347 -1
07 19625 6.80369 7 -0.129806 -0
16 19625 1.36578 1 -0.827156 -1
18 19625 1.01685 1 1.80664 2
19 19625 9.5195 10 0.200647 0
21 19625 3.81883 4 -3.10839 -3
22 19625 1.84294 2 1.81483 2
24 19625 2.1614 2 -3.92039 -4
03 19630 -0.22912 -0 -0.549527 -1
07 19630 8.62246 9 -0.517996 -1
16 19630 1.90442 2 -0.510216 -1
18 19630 0.100897 0 2.48352 2
19 19630 10.5258 11 1.07367 1
21 19630 4.54718 5 -2.44912 -2
22 19630 3.22764 3 2.41308 2
24 19630 1.86344 2 -4.64436 -5
03 19635 -0.223339 -0 0.120388 0
07 19635 10.365 10 -1.01838 -1
16 19635 3.44362 3 -1.05688 -1
18 19635 -0.651624 -1 2.61619 3
19 19635 9.94936 10 1.62033 2
21 19635 4.60341 5 -2.38974 -2
22 19635 2.82406 3 1.37259 1
24 19635 1.53027 2 -3.39175 -3
03 19640 1.11144 1 0.553621 1
07 19640 11.5101 12 0.00573277 0
16 19640 4.29599 4 -0.553621 -1
18 19640 -1.03261 -1 2.85328 3
19 19640 10.5453 11 2.68252 3
21 19640 3.88347 4 -2.22636 -2
22 19640 3.09259 3 2.35084 2
24 19640 3.02165 3 -2.1113 -2
03 19645 0.676849 1 0.909053 1
07 19645 12.2815 12 1.00446 1
16 19645 4.87457 5 -0.413578 -0
18 19645 -1.58439 -2 2.99168 3
19 19645 10.1002 10 3.61041 4
21 19645 5.2976 5 -2.7161 -3
22 19645 3.81831 4 2.50604 3
24 19645 4.25132 4 -2.51709 -3
03 19650 1.48718 1 1.72024 2
07 19650 11.8695 12 1.08145 1
16 19650 5.17463 5 -0.0749354 -0
18 19650 -0.718889 -1 3.02567 3
19 19650 8.95984 9 4.09279 4
21 19650 5.73955 6 -1.92171 -2
22 19650 2.18294 2 3.22059 3
24 19650 5.62131 6 -1.77061 -2
03 19655 2.54554 3 1.04254 1
07 19655 11.7355 12 0.447565 0
16 19655 5.76004 6 0.350108 0
18 19655 -0.740434 -1 2.14364 2
19 19655 9.36027 9 3.21322 3
21 19655 5.63182 6 -2.13546 -2
22 19655 2.88291 3 3.07931 3
24 19655 5.80051 6 -0.376725 -0
03 19660 1.26489 1 1.25302 1
07 19660 11.6389 12 0.553621 1
16 19660 6.03068 6 0.79235 1
18 19660 -2.00795 -2 2.23373 2
19 19660 8.80061 9 3.43024 3
21 19660 4.71692 5 -1.25507 -1
22 19660 1.55286 2 3.27341 3
24 19660 6.69176 7 -0.296466 -0
03 19665 1.35632 1 1.06793 1
07 19665 12.8223 13 0.83985 1
16 19665 5.10054 5 1.79927 2
18 19665 -1.9822 -2 0.899635 1
19 19665 7.61192 8 2.31276 2
21 19665 6.31813 6 -1.77511 -2
22 19665 1.23756 1 2.71733 3
24 19665 6.16311 6 0.54707 1
03 19670 1.11407 1 1.37504 1
07 19670 12.5243 13 0.147414 0
16 19670 4.34224 4 1.19856 1
18 19670 -2.34164 -2 0.529871 1
19 19670 6.69176 7 2.48393 2
21 19670 6.62607 7 -0.773923 -1
22 19670 -0.45351 -0 2.46181 2
24 19670 3.74106 4 1.07244 1
03 19675 2.33902 2 1.45244 1
07 19675 13.3399 13 -0.189181 -0
16 19675 3.58971 4 0.976618 1
18 19675 -3.36165 -3 0.802178 1
19 19675 7.36809 7 3.78199 4
21 19675 6.21093 6 0.101961 0
22 19675 -0.537065 -1 2.38933 2
24 19675 5.24715 5 2.1158 2
03 19680 1.95277 2 1.7227 2
07 19680 12.4513 12 -0.542565 -1
16 19680 3.17194 3 0.233405 0
18 19680 -3.26968 -3 1.28168 1
19 19680 7.41275 7 4.57843 5
21 19680 6.39117 6 0.615044 1
22 19680 -1.26646 -1 2.90979 3
24 19680 5.4768 5 2.63052 3
03 19685 2.555 3 0.882027 1
07 19685 12.5968 13 -0.63429 -1
16 19685 2.12776 2 -0.727652 -1
18 19685 -4.121 -4 1.66864 2
19 19685 7.35179 7 4.33029 4
21 19685 5.67544 6 0.687113 1
22 19685 -1.95067 -2 2.29188 2
24 19685 4.40214 4 1.35416 1
03 19690 2.11042 2 1.57815 2
07 19690 13.1402 13 0.421768 0
16 19690 2.17926 2 -0.526596 -1
18 19690 -5.05797 -5 1.49011 1
19 19690 8.29297 8 3.93595 4
21 19690 6.2598 6 1.85005 2
22 19690 -2.67219 -3 1.9127 2
24 19690 5.00805 5 1.71082 2
03 19695 2.98328 3 1.0839 1
07 19695 11.2978 11 0.335367 0
16 19695 3.18981 3 -1.64244 -2
18 19695 -4.63967 -5 0.80013 1
19 19695 9.3876 9 2.71037 3
21 19695 6.32969 6 2.07035 2
22 19695 -2.11568 -2 1.02535 1
24 19695 5.32177 5 2.72962 3
03 19700 3.47463 3 -0.5786 -1
07 19700 11.3204 11 0.79276 1
16 19700 4.15148 4 -2.41964 -2
18 19700 -4.97967 -5 0.581876 1
19 19700 10.2731 10 2.17927 2
21 19700 6.12264 6 1.71533 2
22 19700 -1.08411 -1 0.0343966 0
24 19700 5.58558 6 1.36604 1
03 19705 2.63593 3 -0.642479 -1
07 19705 10.7886 11 0.303837 0
16 19705 4.18196 4 -2.85819 -3
18 19705 -5.33754 -5 0.83207 1
19 19705 9.57415 10 2.46263 2
21 19705 5.50202 6 1.0102 1
22 19705 0.712057 1 -0.0221121 -0
24 19705 3.07262 3 1.50444 2
03 19710 2.70477 3 -0.384095 -0
07 19710 11.8322 12 1.39224 1
16 19710 5.12629 5 -2.22554 -2
18 19710 -5.13154 -5 1.93399 2
19 19710 8.74175 9 1.99787 2
21 19710 5.97235 6 0.557716 1
22 19710 1.35895 1 0.320216 0
24 19710 3.29386 3 1.80173 2
03 19715 2.1677 2 -1.15966 -1
07 19715 10.6761 11 0.965971 1
16 19715 5.3696 5 -1.96388 -2
18 19715 -4.86196 -5 1.75218 2
19 19715 8.20206 8 0.996273 1
21 19715 5.66966 6 0.148233 0
22 19715 2.17296 2 -0.400475 -0
24 19715 2.89815 3 -0.608902 -1
03 19720 1.72891 2 -0.983579 -1
07 19720 9.77121 10 0.425863 0
16 19720 5.64128 6 -0.714548 -1
18 19720 -3.55083 -4 2.56091 3
19 19720 7.2057 7 1.8611 2
21 19720 5.16044 5 -0.0151509 -0
22 19720 2.00742 2 0.165431 0
24 19720 2.79095 3 0.432005 0
03 19725 2.2686 2 -0.853773 -1
07 19725 8.71968 9 1.02903 1
16 19725 5.45315 5 -1.3042 -1
18 19725 -2.5077 -3 2.01466 2
19 19725 6.03488 6 2.16453 2
21 19725 3.81621 4 -0.330862 -0
22 19725 1.49769 1 -1.03517 -1
24 19725 5.06428 5 -1.468 -1
03 19730 0.324761 0 -0.763277 -1
07 19730 6.48892 6 0.329634 0
16 19730 5.41479 5 -0.876294 -1
18 19730 -2.29698 -2 3.13582 3
19 19730 5.01803 5 3.29634 3
21 19730 4.77735 5 0.312026 0
22 19730 1.25963 1 -1.04418 -1
24 19730 5.35278 5 -2.37377 -2
03 19735 -2.37002 -2 -0.566315 -1
07 19735 5.11998 5 0.888169 1
16 19735 4.19299 4 -0.496703 -0
18 19735 -3.26285 -3 3.92531 4
19 19735 3.94338 4 4.68203 5
21 19735 4.40214 4 -0.298513 -0
22 19735 -0.259073 -0 -0.343966 -0
24 19735 4.65018 5 -2.80209 -3
03 19740 -3.14724 -3 0.0929527 0
07 19740 4.85618 5 1.43114 1
16 19740 3.91448 4 0.305475 0
18 19740 -1.99902 -2 4.78768 5
19 19740 4.79785 5 5.78354 6
21 19740 5.40953 5 -0.155194 -0
22 19740 0.816633 1 -0.098276 -0
24 19740 4.0716 4 -1.70017 -2
03 19745 -4.14938 -4 0.647393 1
07 19745 4.92817 5 1.79681 2
16 19745 3.22764 3 0.204742 0
18 19745 -1.30062 -1 4.12104 4
19 19745 5.45578 5 5.89738 6
21 19745 4.59868 5 -0.519634 -1
22 19745 0.848163 1 -0.355431 -0
24 19745 2.34007 2 -1.8955 -2
03 19750 -4.19089 -4 -0.0741165 -0
07 19750 4.61918 5 1.76324 2
16 19750 1.37367 1 -0.25347 -0
18 19750 -1.67215 -2 4.79751 5
19 19750 6.33074 6 5.65619 6
21 19750 4.13939 4 -0.0851725 -0
22 19750 0.337373 0 -0.281724 -0
24 19750 3.13988 3 -3.23246 -3
03 19755 -3.235 -3 0.732156 1
07 19755 6.43532 6 2.33365 2
16 19755 1.63116 2 0.809958 1
18 19755 -0.616941 -1 5.68363 6
19 19755 7.89622 8 6.4035 6
21 19755 3.46517 3 1.33287 1
22 19755 0.564916 1 1.08595 1
24 19755 3.85142 4 -2.59531 -3
03 19760 -3.48672 -3 -0.829613 -1
07 19760 4.82465 5 1.31936 1
16 19760 0.634808 1 1.01675 1
18 19760 -1.83085 -2 5.09356 5
19 19760 7.28821 7 5.11404 5
21 19760 2.18557 2 0.774333 1
22 19760 -1.11039 -1 1.35703 1
24 19760 5.98916 6 -1.9819 -2
03 19765 -4.3622 -4 -0.985217 -1
07 19765 5.18252 5 0.826337 1
16 19765 0.632181 1 1.53474 2
18 19765 -2.52294 -3 5.49076 5
19 19765 7.36283 7 5.7082 6
21 19765 3.61599 4 1.29438 1
22 19765 -1.01632 -1 2.19115 2
24 19765 7.86994 8 1.9602 2
03 19770 -1.96959 -2 -0.0888579 -0
07 19770 6.59192 7 0.553621 1
16 19770 2.26807 2 2.35617 2
18 19770 -1.11197 -1 6.32897 6
19 19770 7.59248 8 6.50178 7
21 19770 5.25819 5 2.24683 2
22 19770 1.62065 2 3.49535 3
24 19770 7.54571 8 2.06707 2
03 19775 -0.540743 -1 -0.56263 -1
07 19775 8.1101 8 -0.337414 -0
16 19775 3.96598 4 0.878751 1
18 19775 0.215456 0 4.97891 5
19 19775 7.9866 8 5.20249 5
21 19775 5.96026 6 1.64653 2
22 19775 3.48829 3 2.97653 3
24 19775 7.15421 7 1.8652 2
03 19780 -0.0220711 -0 -0.19 -0
07 19780 7.82265 8 1.99009 2
16 19780 4.72165 5 0.653126 1
18 19780 0.131376 0 4.57229 5
19 19780 7.76694 8 3.93882 4
21 19780 6.87779 7 1.84759 2
22 19780 4.81046 5 2.41554 2
24 19780 8.90518 9 -0.232587 -0
03 19785 -0.591717 -1 0.106056 0
07 19785 6.96397 7 2.14119 2
16 19785 5.038 5 0.295237 0
18 19785 0.258022 0 3.39666 3
19 19785 7.09009 7 3.00479 3
21 19785 6.29816 6 1.94505 2
22 19785 4.65123 5 1.52041 2
24 19785 9.80485 10 -0.15028 -0
03 19790 0.502907 1 -0.0589656 -0
07 19790 6.53832 7 2.89709 3
16 19790 4.65544 5 0.20638 0
18 19790 1.23598 1 2.37173 2
19 19790 6.2866 6 1.96511 2
21 19790 6.05643 6 1.99418 2
22 19790 4.3827 4 0.19819 0
24 19790 10.1422 10 -0.281724 -0
03 19795 0.59014 1 0.799311 1
07 19795 3.87769 4 3.80942 4
16 19795 3.35954 3 -0.144138 -0
18 19795 1.88288 2 1.89836 2
19 19795 4.77945 5 2.56664 3
21 19795 6.58246 7 2.45731 2
22 19795 3.45046 3 0.318987 0
24 19795 12.2458 12 1.54948 2
03 19800 0.847637 1 0.746898 1
07 19800 2.18925 2 3.91138 4
16 19800 3.59812 4 -0.981941 -1
18 19800 2.30486 2 0.0827156 0
19 19800 4.44471 4 2.04291 2
21 19800 5.66178 6 1.51099 2
22 19800 3.17246 3 -0.370582 -0
24 19800 12.1659 12 1.57651 2
03 19805 0.828719 1 2.00074 2
07 19805 0.702073 1 4.02645 4
16 19805 3.07945 3 -1.58429 -2
18 19805 1.41203 1 0.287048 0
19 19805 2.7878 3 3.34712 3
21 19805 4.88613 5 1.86151 2
22 19805 1.16977 1 -0.361164 -0
24 19805 10.1081 10 2.59899 3
03 19810 1.80038 2 2.20466 2
07 19810 1.19237 1 3.94537 4
16 19810 4.41055 4 -1.7964 -2
18 19810 1.67583 2 1.07571 1
19 19810 2.83824 3 4.36509 4
21 19810 6.60926 7 1.44261 1
22 19810 0.401485 0 -0.0466811 -0
24 19810 6.17624 6 2.61373 3
03 19815 1.91388 2 2.26362 2
07 19815 2.20291 2 4.84828 5
16 19815 4.79837 5 -1.58552 -2
18 19815 1.90075 2 1.28782 1
19 19815 3.98805 4 5.26145 5
21 19815 6.98394 7 1.80746 2
22 19815 -0.354189 -0 0.241186 0
24 19815 6.41955 6 4.36509 4
03 19820 0.827143 1 3.04574 3
07 19820 1.89181 2 3.33934 3
16 19820 3.89451 4 -1.82261 -2
18 19820 -0.704175 -1 1.64776 2
19 19820 3.86298 4 5.2332 5
21 19820 4.85723 5 0.733385 1
22 19820 -0.691563 -1 0.289505 0
24 19820 5.74586 6 2.34675 2
03 19825 1.01685 1 3.7046 4
07 19825 2.88081 3 3.37373 3
16 19825 4.53247 5 -1.93522 -2
18 19825 -0.568595 -1 1.94341 2
19 19825 5.14678 5 5.43958 5
21 19825 4.90768 5 0.0188362 0
22 19825 -0.792985 -1 -0.735022 -1
24 19825 4.28075 4 1.78658 2
03 19830 0.963248 1 4.27828 4
07 19830 3.32381 3 4.0846 4
16 19830 4.81361 5 -0.890626 -1
18 19830 -1.35843 -1 3.46832 3
19 19830 5.23296 5 6.30154 6
21 19830 4.35853 4 0.558126 1
22 19830 -0.91858 -1 0.843536 1
24 19830 6.94295 7 2.1375 2
03 19835 -0.977962 -1 3.42778 3
07 19835 3.70217 4 4.38843 4
16 19835 3.81516 4 -0.30097 -0
18 19835 -3.2308 -3 4.18123 4
19 19835 4.13046 4 7.09553 7
21 19835 2.83246 3 1.03763 1
22 19835 -2.37528 -2 1.31157 1
24 19835 7.1458 7 3.96871 4
03 19840 -2.14826 -2 2.97203 3
07 19840 5.25661 5 3.18783 3
16 19840 2.57076 3 -1.4594 -1
18 19840 -3.84616 -4 3.4372 3
19 19840 4.38585 4 6.1619 6
21 19840 4.8031 5 0.617091 1
22 19840 -2.38421 -2 1.52737 2
24 19840 7.70861 8 3.86429 4
03 19845 -3.67537 -4 2.99578 3
07 19845 3.77469 4 2.38852 2
16 19845 0.879693 1 -2.80701 -3
18 19845 -4.84724 -5 2.57811 3
19 19845 3.01061 3 6.13365 6
21 19845 2.11095 2 0.756316 1
22 19845 -3.95126 -4 1.49216 1
24 19845 4.66962 5 1.79968 2
03 19850 -3.3874 -3 1.75341 2
07 19850 4.50041 5 1.1142 1
16 19850 1.73784 2 -1.96102 -2
18 19850 -4.00802 -4 2.29884 2
19 19850 4.57608 5 5.4408 5
21 19850 2.60702 3 1.43933 1
22 19850 -2.44937 -2 1.32345 1
24 19850 5.66178 6 2.77712 3
03 19855 -4.27655 -4 1.26612 1
07 19855 4.16199 4 0.389828 0
16 19855 0.44405 0 -2.02612 -2
18 19855 -5.53881 -6 1.95897 2
19 19855 4.66122 5 4.77089 5
21 19855 1.0736 1 0.778837 1
22 19855 -2.78622 -3 1.34024 1
24 19855 3.12202 3 0.815691 1
03 19860 -2.76415 -3 2.48065 2
07 19860 5.0049 5 2.15675 2
16 19860 1.34529 1 -1.51591 -2
18 19860 -5.33018 -5 2.83608 3
19 19860 4.5682 5 5.89615 6
21 19860 1.23231 1 1.9561 2
22 19860 -1.73101 -2 3.78199 4
24 19860 4.33646 4 0.762867 1
03 19865 -0.693139 -1 1.69567 2
07 19865 4.72112 5 0.717824 1
16 19865 1.3558 1 -1.68994 -2
18 19865 -4.46153 -4 1.95324 2
19 19865 5.74165 6 6.29212 6
21 19865 2.85033 3 0.712091 1
22 19865 -0.375735 -0 4.13947 4
24 19865 6.5956 7 1.47864 1
03 19870 -2.46724 -2 1.55645 2
07 19870 3.58341 4 1.29929 1
16 19870 0.0635859 0 -1.5888 -2
18 19870 -6.12474 -6 1.71082 2
19 19870 4.57714 5 6.08984 6
21 19870 3.14724 3 0.823471 1
22 19870 0.358919 0 3.91016 4
24 19870 5.00595 5 0.321854 0
03 19875 -2.38579 -2 1.28782 1
07 19875 2.43781 2 1.43155 1
16 19875 0.759878 1 -1.66619 -2
18 19875 -6.10477 -6 1.05933 1
19 19875 5.13312 5 5.49199 5
21 19875 4.5104 5 -0.124073 -0
22 19875 1.28433 1 3.44867 3
24 19875 5.75899 6 -1.35826 -1
03 19880 -2.27123 -2 1.11257 1
07 19880 1.27014 1 -0.0823061 -0
16 19880 1.52974 2 -1.88362 -2
18 19880 -6.66181 -7 1.19037 1
19 19880 3.91395 4 5.31182 5
21 19880 3.84248 4 -1.55808 -2
22 19880 2.33744 2 2.02326 2
24 19880 6.75903 7 -2.74845 -3
03 19885 -2.48195 -2 1.69936 2
07 19885 1.43568 1 1.93358 2
16 19885 1.97642 2 -1.96921 -2
18 19885 -6.44635 -6 1.45489 1
19 19885 3.65435 4 6.00958 6
21 19885 3.64279 4 -1.57446 -2
22 19885 1.88393 2 2.46632 2
24 19885 3.56502 4 -2.72716 -3
03 19890 -1.49769 -1 0.741984 1
07 19890 0.958518 1 0.718234 1
16 19890 3.21766 3 -1.80377 -2
18 19890 -5.29024 -5 2.18377 2
19 19890 3.95914 4 6.83837 7
21 19890 4.33751 4 -0.239548 -0
22 19890 2.08835 2 2.80824 3
24 19890 3.77679 4 -4.22218 -4
03 19895 -0.0336322 -0 0.199418 0
07 19895 -1.24176 -1 -1.28619 -1
16 19895 2.56498 3 -0.635928 -1
18 19895 -4.3559 -4 2.80291 3
19 19895 4.31386 4 7.36046 7
21 19895 4.32542 4 0.981531 1
22 19895 2.64644 3 3.15384 3
24 19895 2.18872 2 -4.38925 -4
03 19900 0.0420403 0 1.02617 1
07 19900 -1.81719 -2 -0.591294 -1
16 19900 1.56758 2 -0.712501 -1
18 19900 -4.86301 -5 4.49121 4
19 19900 4.22873 4 7.47962 7
21 19900 3.44415 3 1.72515 2
22 19900 2.66325 3 3.48962 3
24 19900 1.07781 1 -3.32296 -3
